Material	U	c1	c2	JFP
a-TiO2	0.0	1.0	-0.036734693877551	5.4445536675322295
a-TiO2	0.1020408163265306	0.5	-0.036734693877551	5.157682557563733
a-TiO2	0.2040816326530612	0.5	-0.5387755102040817	5.383443124358522
a-TiO2	0.3061224489795918	0.5	-0.563265306122449	5.240861851887076
a-TiO2	0.4081632653061224	0.5	-0.5877551020408163	5.0847948439521655
a-TiO2	0.5102040816326531	0.5	-0.6	4.947806954634984
a-TiO2	0.6122448979591837	0.5	-0.6	4.843155641685626
a-TiO2	0.7142857142857143	0.5	-0.6	4.799818199846949
a-TiO2	0.8163265306122449	0.5	-0.6	4.771902047333946
a-TiO2	0.9183673469387756	0.5	-0.6	4.730101561841314
a-TiO2	1.020408163265306	0.5	-0.6	4.674307797534436
a-TiO2	1.1224489795918369	0.5204081632653061	-0.6	4.6294853978068895
a-TiO2	1.2244897959183674	0.5714285714285714	-0.6	4.596806257978858
a-TiO2	1.326530612244898	0.6224489795918368	-0.6	4.591710802630524
a-TiO2	1.4285714285714286	0.6632653061224489	-0.6	4.628997154154779
a-TiO2	1.530612244897959	0.7040816326530612	-0.6	4.705841895698902
a-TiO2	1.6326530612244898	0.7346938775510204	-0.6	4.806937430162124
a-TiO2	1.7346938775510203	0.7653061224489797	-0.6	4.908026896286053
a-TiO2	1.836734693877551	0.7959183673469388	-0.6	4.983834762500675
a-TiO2	1.9387755102040816	0.8163265306122449	-0.6	5.014017487607637
a-TiO2	2.0408163265306123	0.8367346938775511	-0.6	4.992731715662146
a-TiO2	2.142857142857143	0.8571428571428572	-0.6	4.929877699991497
a-TiO2	2.2448979591836737	0.8775510204081632	-0.6	4.84796606410749
a-TiO2	2.346938775510204	0.8877551020408163	-0.6	4.77069682519193
a-TiO2	2.4489795918367347	0.9081632653061223	-0.6	4.715791093894473
a-TiO2	2.5510204081632653	0.9183673469387756	-0.6	4.68799784014383
a-TiO2	2.653061224489796	0.9285714285714286	-0.6	4.684551706556475
a-TiO2	2.7551020408163267	0.9387755102040816	-0.6	4.696366604484025
a-TiO2	2.857142857142857	0.9591836734693876	-0.6	4.711950506494281
a-TiO2	2.959183673469388	0.9693877551020408	-0.6	4.722258793669456
a-TiO2	3.0612244897959187	0.979591836734694	-0.6	4.720607948004204
a-TiO2	3.163265306122449	0.9897959183673468	-0.6	4.706891308022948
a-TiO2	3.26530612244898	0.9897959183673468	-0.6	4.687114868191401
a-TiO2	3.36734693877551	1.0	-0.6	4.672628738462843
a-TiO2	3.4693877551020407	1.0	-0.6	4.67727195374241
a-TiO2	3.571428571428572	1.0	-0.6	4.703162772258834
a-TiO2	3.673469387755102	1.0	-0.6	4.745240699289544
a-TiO2	3.7755102040816326	1.0	-0.6	4.79712894019006
a-TiO2	3.877551020408164	1.0	-0.6	4.8549441906254165
a-TiO2	3.979591836734694	1.0	-0.6	4.918367631137039
a-TiO2	4.081632653061225	1.0	-0.5877551020408163	4.980004539168756
a-TiO2	4.183673469387755	1.0	-0.5755102040816327	5.01257968395024
a-TiO2	4.285714285714286	1.0	-0.563265306122449	5.042886063980419
a-TiO2	4.387755102040816	1.0	-0.563265306122449	5.072801472001279
a-TiO2	4.489795918367348	1.0	-0.5510204081632653	5.104900054422293
a-TiO2	4.591836734693878	1.0	-0.5510204081632653	5.139113295576311
a-TiO2	4.6938775510204085	1.0	-0.5387755102040817	5.179906001589433
a-TiO2	4.795918367346939	1.0	-0.5387755102040817	5.207162980145581
a-TiO2	4.8979591836734695	1.0	-0.5387755102040817	5.235469697634762
a-TiO2	5.0	1.0	-0.5387755102040817	5.262620627778826
r-TiO2	0.0	1.0	-0.4163265306122449	5.541801416021416
r-TiO2	0.1020408163265306	0.5	-0.4285714285714285	4.21896211364739
r-TiO2	0.2040816326530612	0.5	-0.4897959183673469	3.940538287084768
r-TiO2	0.3061224489795918	0.5	-0.4897959183673469	3.7324684612847943
r-TiO2	0.4081632653061224	0.5	-0.4897959183673469	3.581521391144714
r-TiO2	0.5102040816326531	0.5	-0.5265306122448979	3.2331026654779813
r-TiO2	0.6122448979591837	0.5	-0.5265306122448979	2.870401484768697
r-TiO2	0.7142857142857143	0.5	-0.5510204081632653	2.2869927260741107
r-TiO2	0.8163265306122449	0.5	-0.5265306122448979	2.454532284114828
r-TiO2	0.9183673469387756	0.5	-0.5265306122448979	2.3803100477369106
r-TiO2	1.020408163265306	0.5	-0.5265306122448979	2.3809411547247143
r-TiO2	1.1224489795918369	0.5408163265306123	-0.5510204081632653	1.9555893941918705
r-TiO2	1.2244897959183674	0.5612244897959184	-0.5265306122448979	2.553626451814864
r-TiO2	1.326530612244898	0.6020408163265307	-0.5265306122448979	2.6660049974673483
r-TiO2	1.4285714285714286	0.6020408163265307	-0.5020408163265306	2.701474913556838
r-TiO2	1.530612244897959	0.6326530612244898	-0.5020408163265306	2.6312127959720555
r-TiO2	1.6326530612244898	0.6632653061224489	-0.5020408163265306	2.54975362721895
r-TiO2	1.7346938775510203	0.6938775510204083	-0.5020408163265306	2.471441140496912
r-TiO2	1.836734693877551	0.7142857142857143	-0.5020408163265306	2.40666042823418
r-TiO2	1.9387755102040816	0.7142857142857143	-0.4897959183673469	2.2416768461439704
r-TiO2	2.0408163265306123	0.7346938775510204	-0.4897959183673469	2.021206839355511
r-TiO2	2.142857142857143	0.7551020408163265	-0.4897959183673469	1.8306551840181475
r-TiO2	2.2448979591836737	0.7653061224489797	-0.4897959183673469	1.6751440906814454
r-TiO2	2.346938775510204	0.7755102040816326	-0.4897959183673469	1.564833323354819
r-TiO2	2.4489795918367347	0.7959183673469388	-0.4897959183673469	1.496198913250533
r-TiO2	2.5510204081632653	0.8061224489795918	-0.4897959183673469	1.4638603817433362
r-TiO2	2.653061224489796	0.8163265306122449	-0.4897959183673469	1.4583175571172504
r-TiO2	2.7551020408163267	0.826530612244898	-0.4897959183673469	1.4676203284465337
r-TiO2	2.857142857142857	0.8367346938775511	-0.4897959183673469	1.483454866603754
r-TiO2	2.959183673469388	0.8469387755102041	-0.4897959183673469	1.50404590630934
r-TiO2	3.0612244897959187	0.8571428571428572	-0.4897959183673469	1.53466573255707
r-TiO2	3.163265306122449	0.8571428571428572	-0.4897959183673469	1.5838163639050105
r-TiO2	3.26530612244898	0.8673469387755102	-0.4897959183673469	1.6577918186348155
r-TiO2	3.36734693877551	0.9081632653061223	-0.5142857142857142	1.6639647649402058
r-TiO2	3.4693877551020407	0.9183673469387756	-0.5142857142857142	1.6017407607064342
r-TiO2	3.571428571428572	0.9285714285714286	-0.5142857142857142	1.5805584397598105
r-TiO2	3.673469387755102	0.9285714285714286	-0.5142857142857142	1.5872085481263245
r-TiO2	3.7755102040816326	0.9387755102040816	-0.5142857142857142	1.606952829975976
r-TiO2	3.877551020408164	0.9489795918367347	-0.5142857142857142	1.6394028617092606
r-TiO2	3.979591836734694	0.9489795918367347	-0.5142857142857142	1.661589806351601
r-TiO2	4.081632653061225	0.9591836734693876	-0.5142857142857142	1.6906408270421098
r-TiO2	4.183673469387755	0.9591836734693876	-0.5142857142857142	1.7123585964197416
r-TiO2	4.285714285714286	0.9693877551020408	-0.5142857142857142	1.748391619906529
r-TiO2	4.387755102040816	0.9693877551020408	-0.5142857142857142	1.787698124602779
r-TiO2	4.489795918367348	0.9693877551020408	-0.5142857142857142	1.8555541320233948
r-TiO2	4.591836734693878	0.979591836734694	-0.5142857142857142	1.9370630959374544
r-TiO2	4.6938775510204085	0.979591836734694	-0.5142857142857142	2.050826999483609
r-TiO2	4.795918367346939	0.9693877551020408	-0.5020408163265306	2.128723756296905
r-TiO2	4.8979591836734695	0.9693877551020408	-0.5020408163265306	2.230794664170105
r-TiO2	5.0	0.979591836734694	-0.5020408163265306	2.347941229646973
CeO2	0.0	1.0	-0.0244897959183673	6.240554429136349
CeO2	0.1020408163265306	0.5	-0.0244897959183673	5.922431490863518
CeO2	0.2040816326530612	0.5	-0.0244897959183673	5.908769761787028
CeO2	0.3061224489795918	0.5	-0.0244897959183673	5.899919584911307
CeO2	0.4081632653061224	0.5	0.0	5.868864972700279
CeO2	0.5102040816326531	0.5	0.0	5.808262148444249
CeO2	0.6122448979591837	0.5	0.0	5.756815379259327
CeO2	0.7142857142857143	0.5	-0.1224489795918367	5.696020721069979
CeO2	0.8163265306122449	0.5	-0.1346938775510204	5.613617186039932
CeO2	0.9183673469387756	0.5	-0.146938775510204	5.535353133727659
CeO2	1.020408163265306	0.5	-0.1591836734693877	5.462257171593399
CeO2	1.1224489795918369	0.5	-0.1714285714285714	5.392930360341953
CeO2	1.2244897959183674	0.5	-0.183673469387755	5.326027278237949
CeO2	1.326530612244898	0.5	-0.1959183673469387	5.2623658212321685
CeO2	1.4285714285714286	0.5	-0.2081632653061224	5.204037768319622
CeO2	1.530612244897959	0.5	-0.2204081632653061	5.1514334783914455
CeO2	1.6326530612244898	0.5	-0.2448979591836734	5.104713825754973
CeO2	1.7346938775510203	0.5	-0.2571428571428571	5.064766205459066
CeO2	1.836734693877551	0.5	-0.2816326530612245	5.0333274383590965
CeO2	1.9387755102040816	0.5	-0.3183673469387755	5.011321679487064
CeO2	2.0408163265306123	0.5	-0.3795918367346939	4.995389788879955
CeO2	2.142857142857143	0.5	-0.6	4.930108986371974
CeO2	2.2448979591836737	0.5	-0.6	4.87794862590639
CeO2	2.346938775510204	0.5	-0.6	4.849624970871971
CeO2	2.4489795918367347	0.5	-0.6	4.849427220362843
CeO2	2.5510204081632653	0.5204081632653061	-0.6	4.879073163575818
CeO2	2.653061224489796	0.5612244897959184	-0.6	4.913124919917207
CeO2	2.7551020408163267	0.6122448979591837	-0.6	4.944849593699132
CeO2	2.857142857142857	0.6836734693877551	-0.5387755102040817	4.951597935596842
CeO2	2.959183673469388	0.7142857142857143	-0.5387755102040817	4.953081537539752
CeO2	3.0612244897959187	0.7448979591836735	-0.5510204081632653	4.952215777098951
CeO2	3.163265306122449	0.7755102040816326	-0.5510204081632653	4.953575425168811
CeO2	3.26530612244898	0.7959183673469388	-0.5510204081632653	4.957386188624742
CeO2	3.36734693877551	0.826530612244898	-0.5510204081632653	4.960619411552909
CeO2	3.4693877551020407	0.8469387755102041	-0.563265306122449	4.963024006795947
CeO2	3.571428571428572	0.5	-0.0122448979591836	4.75476369596288
CeO2	3.673469387755102	0.5102040816326531	-0.0122448979591836	4.330776389929724
CeO2	3.7755102040816326	0.5204081632653061	-0.0122448979591836	3.9732542930621295
CeO2	3.877551020408164	0.5306122448979592	-0.0122448979591836	3.796511420517108
CeO2	3.979591836734694	0.5408163265306123	-0.0122448979591836	3.9601074737492894
CeO2	4.081632653061225	0.5408163265306123	-0.0122448979591836	4.603775548110061
CeO2	4.183673469387755	0.9897959183673468	-0.563265306122449	4.988211590651207
CeO2	4.285714285714286	1.0	-0.563265306122449	5.002740216989546
CeO2	4.387755102040816	1.0	-0.563265306122449	5.0300914358478535
CeO2	4.489795918367348	1.0	-0.5755102040816327	5.064637052200013
CeO2	4.591836734693878	0.6020408163265307	-0.0244897959183673	5.103389894480405
CeO2	4.6938775510204085	0.6020408163265307	-0.0244897959183673	5.119583097128741
CeO2	4.795918367346939	0.6122448979591837	-0.0244897959183673	5.1251942901287695
CeO2	4.8979591836734695	0.6224489795918368	-0.0244897959183673	5.133482323788683
CeO2	5.0	0.6224489795918368	-0.0244897959183673	5.152600502151099
Cu2O	0.0	1.0	0.0	3.793318482368436
Cu2O	0.1020408163265306	0.5	0.0	5.4985684091096525
Cu2O	0.2040816326530612	0.5	-0.5510204081632653	5.437860378920002
Cu2O	0.3061224489795918	0.6428571428571429	-0.6	4.364904573827792
Cu2O	0.4081632653061224	0.7857142857142857	-0.6	4.409102293707501
Cu2O	0.5102040816326531	0.8571428571428572	-0.6	4.522828126804583
Cu2O	0.6122448979591837	0.9183673469387756	-0.6	4.601216494699828
Cu2O	0.7142857142857143	0.9489795918367347	-0.6	4.468932364450097
Cu2O	0.8163265306122449	0.979591836734694	-0.6	4.686323800596624
Cu2O	0.9183673469387756	1.0	-0.6	5.392186805505944
Cu2O	1.020408163265306	1.0	-0.6	6.185881052807161
Cu2O	1.1224489795918369	1.0	-0.6	6.806066536121691
Cu2O	1.2244897959183674	1.0	-0.6	7.200686083336852
Cu2O	1.326530612244898	1.0	-0.6	7.398687353125142
Cu2O	1.4285714285714286	1.0	-0.6	7.441972267675008
Cu2O	1.530612244897959	1.0	-0.6	7.366857905452233
Cu2O	1.6326530612244898	1.0	-0.6	7.204714338107199
Cu2O	1.7346938775510203	1.0	-0.6	6.986940760021712
Cu2O	1.836734693877551	1.0	-0.6	6.748295503714028
Cu2O	1.9387755102040816	1.0	-0.6	6.526674947986612
Cu2O	2.0408163265306123	1.0	-0.5877551020408163	6.358769978941633
Cu2O	2.142857142857143	1.0	-0.5877551020408163	6.274452560232608
Cu2O	2.2448979591836737	1.0	-0.5755102040816327	6.304035224149891
Cu2O	2.346938775510204	1.0	-0.5755102040816327	6.47018978050511
Cu2O	2.4489795918367347	1.0	-0.563265306122449	6.781440267505855
Cu2O	2.5510204081632653	1.0	-0.563265306122449	7.228869592271177
Cu2O	2.653061224489796	1.0	-0.5510204081632653	7.767079685993109
Cu2O	2.7551020408163267	1.0	-0.5510204081632653	8.319733426751888
Cu2O	2.857142857142857	1.0	-0.5387755102040817	8.801070746100837
Cu2O	2.959183673469388	1.0	-0.5387755102040817	9.154682990130672
Cu2O	3.0612244897959187	1.0	-0.5387755102040817	9.414077359144676
Cu2O	3.163265306122449	1.0	-0.5265306122448979	9.701065185780342
Cu2O	3.26530612244898	1.0	-0.5265306122448979	10.189731122571372
Cu2O	3.36734693877551	1.0	-0.5265306122448979	11.030076403075627
Cu2O	3.4693877551020407	1.0	-0.5265306122448979	12.266085698499412
Cu2O	3.571428571428572	1.0	-0.5265306122448979	13.81550398652654
Cu2O	3.673469387755102	1.0	-0.5142857142857142	15.50578510234393
Cu2O	3.7755102040816326	1.0	-0.5142857142857142	17.150346881205365
Cu2O	3.877551020408164	1.0	-0.5142857142857142	18.5989675639137
Cu2O	3.979591836734694	1.0	-0.5142857142857142	19.76190355204068
Cu2O	4.081632653061225	1.0	-0.5020408163265306	20.602702860513947
Cu2O	4.183673469387755	1.0	-0.5020408163265306	21.116468835016214
Cu2O	4.285714285714286	1.0	-0.5020408163265306	21.31765695287653
Cu2O	4.387755102040816	1.0	-0.5020408163265306	21.221661443038972
Cu2O	4.489795918367348	1.0	-0.5020408163265306	20.843629393962043
Cu2O	4.591836734693878	1.0	-0.4897959183673469	20.20118913844033
Cu2O	4.6938775510204085	1.0	-0.4897959183673469	19.3186841242848
Cu2O	4.795918367346939	1.0	-0.4897959183673469	18.24311886538997
Cu2O	4.8979591836734695	1.0	-0.4897959183673469	17.040925911128884
Cu2O	5.0	1.0	-0.4897959183673469	15.797323185803682
WO3	0.0	1.0	0.0	3.928583387243651
WO3	0.1020408163265306	0.5	0.0	3.6374242109433848
WO3	0.2040816326530612	0.5	0.0	3.909877279030192
WO3	0.3061224489795918	0.5	0.0	4.190751175298905
WO3	0.4081632653061224	0.5	0.0	4.488839789293858
WO3	0.5102040816326531	0.5	0.0	4.812077298202439
WO3	0.6122448979591837	0.5	0.0	5.165454914055419
WO3	0.7142857142857143	0.5	0.0	5.550779089471984
WO3	0.8163265306122449	0.5	0.0	5.966775232052899
WO3	0.9183673469387756	0.5	0.0	6.409687657452558
WO3	1.020408163265306	0.5	0.0	6.874123871490199
WO3	1.1224489795918369	0.5	0.0	7.353835717998324
WO3	1.2244897959183674	0.5	0.0	7.842290068987472
WO3	1.326530612244898	0.5	0.0	8.333034634340859
WO3	1.4285714285714286	0.5	0.0	8.819935575515208
WO3	1.530612244897959	0.5	0.0	9.297367016662744
WO3	1.6326530612244898	0.5	0.0	9.760402636231008
WO3	1.7346938775510203	0.5	0.0	10.205022593179098
WO3	1.836734693877551	0.5	0.0	10.628319548845344
WO3	1.9387755102040816	0.5	0.0	11.028671396100943
WO3	2.0408163265306123	0.5	0.0	11.405846059265413
WO3	2.142857142857143	0.5	0.0	11.761012648164614
WO3	2.2448979591836737	0.5	0.0	12.096648801682678
WO3	2.346938775510204	0.5	0.0	12.41635119843482
WO3	2.4489795918367347	0.5	0.0	12.724570517191385
WO3	2.5510204081632653	0.5	0.0	13.02630060726301
WO3	2.653061224489796	0.5	0.0	13.326753159847414
WO3	2.7551020408163267	0.5	0.0	13.631044515559331
WO3	2.857142857142857	0.5	0.0	13.943912644845325
WO3	2.959183673469388	0.5	0.0	14.26947281220436
WO3	3.0612244897959187	0.5	0.0	14.611012911289269
WO3	3.163265306122449	0.5	0.0	14.970825992812394
WO3	3.26530612244898	0.5	0.0	15.350078762351178
WO3	3.36734693877551	1.0	-0.6	15.661696220443398
WO3	3.4693877551020407	1.0	-0.6	15.898993190738585
WO3	3.571428571428572	1.0	-0.6	16.13938675535712
WO3	3.673469387755102	1.0	-0.6	16.38298290165202
WO3	3.7755102040816326	1.0	-0.6	16.629850753382858
WO3	3.877551020408164	1.0	-0.6	16.880029674893837
WO3	3.979591836734694	1.0	-0.6	17.13353586451423
WO3	4.081632653061225	1.0	-0.6	17.39036825254821
WO3	4.183673469387755	1.0	-0.6	17.650512936519604
WO3	4.285714285714286	1.0	-0.5877551020408163	17.90339261631742
WO3	4.387755102040816	1.0	-0.5877551020408163	18.152597964290187
WO3	4.489795918367348	1.0	-0.5755102040816327	18.39353751506805
WO3	4.591836734693878	1.0	-0.5755102040816327	18.63119302693504
WO3	4.6938775510204085	1.0	-0.563265306122449	18.86153608337398
WO3	4.795918367346939	1.0	-0.563265306122449	19.08774120172635
WO3	4.8979591836734695	1.0	-0.5510204081632653	19.31137852934639
WO3	5.0	1.0	-0.5510204081632653	19.52732492992506
MoO3	0.0	1.0	-0.1959183673469387	6.528987192575987
MoO3	0.1020408163265306	0.5	-0.3061224489795918	3.752615682308654
MoO3	0.2040816326530612	0.5	-0.6	3.6060798900537145
MoO3	0.3061224489795918	0.5	0.0	4.516221114360516
MoO3	0.4081632653061224	0.5	-0.2081632653061224	6.396785951688655
MoO3	0.5102040816326531	0.5	-0.3673469387755101	6.211372523952704
MoO3	0.6122448979591837	0.5816326530612246	-0.5387755102040817	6.183810080001195
MoO3	0.7142857142857143	0.7448979591836735	-0.6	6.630179864276111
MoO3	0.8163265306122449	0.5	0.0	7.347214163232074
MoO3	0.9183673469387756	0.5	0.0	8.840132272555797
MoO3	1.020408163265306	0.5	0.0	10.835425000560804
MoO3	1.1224489795918369	0.5	0.0	12.823161762208462
MoO3	1.2244897959183674	0.5	0.0	14.486677946159492
MoO3	1.326530612244898	0.5	0.0	15.723733815759507
MoO3	1.4285714285714286	0.5	0.0	16.574168676726558
MoO3	1.530612244897959	0.9897959183673468	-0.6	16.933509502155864
MoO3	1.6326530612244898	1.0	-0.6	17.21146853906618
MoO3	1.7346938775510203	1.0	-0.6	17.558858517513894
MoO3	1.836734693877551	1.0	-0.6	18.011735278159417
MoO3	1.9387755102040816	1.0	-0.6	18.57903071652725
MoO3	2.0408163265306123	0.5	0.0	19.042814834608578
MoO3	2.142857142857143	0.5	0.0	19.56961164683599
MoO3	2.2448979591836737	0.5	0.0	20.167655824263388
MoO3	2.346938775510204	0.5	0.0	20.826399626719702
MoO3	2.4489795918367347	0.5	0.0	21.532366158030666
MoO3	2.5510204081632653	0.5	0.0	22.27134783217542
MoO3	2.653061224489796	0.5	0.0	23.02979734120135
MoO3	2.7551020408163267	0.5	0.0	23.795628913262373
MoO3	2.857142857142857	0.5	0.0	24.55860801385709
MoO3	2.959183673469388	0.5	0.0	25.310465398663798
MoO3	3.0612244897959187	0.5	0.0	26.04483543255572
MoO3	3.163265306122449	0.5	0.0	26.757090443869817
MoO3	3.26530612244898	0.5	0.0	27.44412162047112
MoO3	3.36734693877551	0.5	0.0	28.10410106496241
MoO3	3.4693877551020407	0.5	0.0	28.736247758105748
MoO3	3.571428571428572	0.5	0.0	29.34061130214184
MoO3	3.673469387755102	0.5	0.0	29.917880701598545
MoO3	3.7755102040816326	0.5	0.0	30.46922059202212
MoO3	3.877551020408164	0.5	0.0	30.99613390715836
MoO3	3.979591836734694	0.5	0.0	31.50034773864831
MoO3	4.081632653061225	0.5	0.0	31.983717900289104
MoO3	4.183673469387755	0.5	0.0	32.44814730458726
MoO3	4.285714285714286	0.5	0.0	32.89551355786676
MoO3	4.387755102040816	0.5	0.0	33.327602061818865
MoO3	4.489795918367348	0.5	0.0	33.74604225829812
MoO3	4.591836734693878	0.5	0.0	34.15224633991409
MoO3	4.6938775510204085	0.5	0.0	34.547351603743714
MoO3	4.795918367346939	0.5	0.0	34.932169426823585
MoO3	4.8979591836734695	0.5	0.0	35.307145313967055
MoO3	5.0	0.5	0.0	35.672335311065225
ZrO2	0.0	1.0	-0.6	21.612780846579465
ZrO2	0.1020408163265306	0.5	-0.1714285714285714	15.185137438464714
ZrO2	0.2040816326530612	0.5	-0.0122448979591836	48.1409612108822
ZrO2	0.3061224489795918	0.5	0.0	33.555986635945835
ZrO2	0.4081632653061224	0.5	-0.0122448979591836	38.764656896104384
ZrO2	0.5102040816326531	0.5	-0.0122448979591836	20.232792003726058
ZrO2	0.6122448979591837	0.5	-0.0122448979591836	14.648562380670192
ZrO2	0.7142857142857143	0.5	-0.2204081632653061	16.481440325229325
ZrO2	0.8163265306122449	0.5	-0.1224489795918367	14.799202407828515
ZrO2	0.9183673469387756	0.5	-0.036734693877551	14.528504546121871
ZrO2	1.020408163265306	0.5	-0.183673469387755	14.93338192899096
ZrO2	1.1224489795918369	0.5	0.0	15.468011298541311
ZrO2	1.2244897959183674	0.5	-0.3183673469387755	19.81354354387254
ZrO2	1.326530612244898	0.5	0.0	15.995096444112264
ZrO2	1.4285714285714286	0.5	-0.5265306122448979	17.43880565764127
ZrO2	1.530612244897959	0.5	-0.4775510204081632	10.483864580913362
ZrO2	1.6326530612244898	0.5	-0.0612244897959183	10.917366158233222
ZrO2	1.7346938775510203	0.5	-0.2938775510204081	10.093096641907684
ZrO2	1.836734693877551	0.5	0.0	19.96217756158901
ZrO2	1.9387755102040816	0.5	0.0	20.792202474380893
ZrO2	2.0408163265306123	0.5	0.0	30.57954878331264
ZrO2	2.142857142857143	0.5	0.0	23.71766069091423
ZrO2	2.2448979591836737	0.5	0.0	21.58946462390432
ZrO2	2.346938775510204	0.5	0.0	20.10972914093852
ZrO2	2.4489795918367347	0.5	0.0	18.921803149516588
ZrO2	2.5510204081632653	0.5	0.0	27.090058884235443
ZrO2	2.653061224489796	0.5	0.0	20.48354710671727
ZrO2	2.7551020408163267	0.5	0.0	21.409486947001017
ZrO2	2.857142857142857	0.5	0.0	33.051366911536974
ZrO2	2.959183673469388	0.5	0.0	28.62894391141591
ZrO2	3.0612244897959187	0.5	0.0	22.62709749405705
ZrO2	3.163265306122449	0.5	0.0	22.39131774462128
ZrO2	3.26530612244898	0.5	0.0	24.84440526063523
ZrO2	3.36734693877551	0.5	-0.1959183673469387	47.26932734807296
ZrO2	3.4693877551020407	0.5	0.0	23.707480491009303
ZrO2	3.571428571428572	0.5	0.0	24.37618948093554
ZrO2	3.673469387755102	0.5	0.0	27.891623758458145
ZrO2	3.7755102040816326	0.5	0.0	24.71338196093573
ZrO2	3.877551020408164	0.5	0.0	24.221205467773306
ZrO2	3.979591836734694	0.5	-0.1959183673469387	50.38500758979104
ZrO2	4.081632653061225	0.5	0.0	23.621796324181624
ZrO2	4.183673469387755	0.5	0.0	22.67678817924104
ZrO2	4.285714285714286	0.5	0.0	23.715336903154277
ZrO2	4.387755102040816	0.5	0.0	23.918058608287243
ZrO2	4.489795918367348	0.5	0.0	23.909366749827758
ZrO2	4.591836734693878	0.5	0.0	22.546459994636308
ZrO2	4.6938775510204085	0.5	0.0	21.03830512146241
ZrO2	4.795918367346939	0.5	0.0	20.226006259336256
ZrO2	4.8979591836734695	0.5	0.0	19.369920855513257
ZrO2	5.0	0.5	0.0	18.35498591827826
Y2O3	0.0	1.0	-0.0122448979591836	11.398366735775474
Y2O3	0.1020408163265306	0.5	-0.0122448979591836	11.01763179407628
Y2O3	0.2040816326530612	0.5	-0.0122448979591836	11.562600752558744
Y2O3	0.3061224489795918	0.5	-0.0122448979591836	12.21936631996688
Y2O3	0.4081632653061224	0.5	-0.0122448979591836	12.75030755797189
Y2O3	0.5102040816326531	0.5	-0.0122448979591836	13.167918702685448
Y2O3	0.6122448979591837	0.5	-0.0122448979591836	13.699344622516277
Y2O3	0.7142857142857143	0.5	-0.0122448979591836	14.348488019106052
Y2O3	0.8163265306122449	0.5	-0.0122448979591836	14.843434478188907
Y2O3	0.9183673469387756	0.5	-0.0122448979591836	15.129857166468534
Y2O3	1.020408163265306	0.5	-0.0122448979591836	15.49583196007452
Y2O3	1.1224489795918369	0.5	-0.0122448979591836	16.056856602256484
Y2O3	1.2244897959183674	0.5	-0.0122448979591836	16.544617677326844
Y2O3	1.326530612244898	0.5	-0.0122448979591836	16.776496898471308
Y2O3	1.4285714285714286	0.5	-0.0122448979591836	16.993812560210472
Y2O3	1.530612244897959	0.5	-0.0122448979591836	17.43176899646701
Y2O3	1.6326530612244898	0.5	-0.0122448979591836	17.905989370410996
Y2O3	1.7346938775510203	0.5	-0.0122448979591836	18.142489813591148
Y2O3	1.836734693877551	0.5	-0.0122448979591836	18.26259581758231
Y2O3	1.9387755102040816	0.5	-0.0122448979591836	18.56241403044268
Y2O3	2.0408163265306123	0.5	-0.0122448979591836	18.98894430516447
Y2O3	2.142857142857143	0.5	-0.0122448979591836	19.249220348026583
Y2O3	2.2448979591836737	0.5	-0.1224489795918367	19.28266281153093
Y2O3	2.346938775510204	0.5	-0.1346938775510204	19.364324781494616
Y2O3	2.4489795918367347	0.5	-0.1714285714285714	19.58487151541036
Y2O3	2.5510204081632653	0.5	-0.183673469387755	19.724621428047733
Y2O3	2.653061224489796	0.5	-0.2081632653061224	19.697242443700432
Y2O3	2.7551020408163267	0.5	-0.2326530612244897	19.658275585641068
Y2O3	2.857142857142857	0.5	-0.2448979591836734	19.756713244920284
Y2O3	2.959183673469388	0.5	-0.2693877551020408	19.863500634749517
Y2O3	3.0612244897959187	0.5	-0.2816326530612245	19.83103598191969
Y2O3	3.163265306122449	0.5	-0.3183673469387755	19.714446134028137
Y2O3	3.26530612244898	0.5	-0.3306122448979591	19.70639993127337
Y2O3	3.36734693877551	0.5	-0.3551020408163265	19.785452547817204
Y2O3	3.4693877551020407	0.5	-0.3795918367346939	19.74127646059005
Y2O3	3.571428571428572	0.5	-0.4163265306122449	19.527141845910844
Y2O3	3.673469387755102	0.5	-0.4530612244897959	19.364656161918823
Y2O3	3.7755102040816326	0.5	-0.4775510204081632	19.363711710463438
Y2O3	3.877551020408164	0.5	-0.5020408163265306	19.28412121965741
Y2O3	3.979591836734694	0.5	-0.5265306122448979	18.96347566641146
Y2O3	4.081632653061225	0.5	-0.5510204081632653	18.61787693295227
Y2O3	4.183673469387755	0.5	-0.5755102040816327	18.47211358634552
Y2O3	4.285714285714286	0.5	-0.6	18.349660764774637
Y2O3	4.387755102040816	0.5	-0.6	18.01135733585677
Y2O3	4.489795918367348	0.5	-0.6	17.591654004921825
Y2O3	4.591836734693878	0.5	-0.6	17.367307381698577
Y2O3	4.6938775510204085	0.5	-0.6	17.28756069819156
Y2O3	4.795918367346939	0.5	-0.6	17.074656781338483
Y2O3	4.8979591836734695	0.5	-0.6	16.720288954822095
Y2O3	5.0	0.5	-0.6	16.491757835782007
LiCoO2	0.0	1.0	-0.1346938775510204	10.932406745111509
LiCoO2	0.1020408163265306	0.5	-0.2571428571428571	10.00906430149618
LiCoO2	0.2040816326530612	0.5	-0.6	9.136728926525462
LiCoO2	0.3061224489795918	0.5	-0.6	7.975073618592094
LiCoO2	0.4081632653061224	0.5	-0.6	6.757282450416764
LiCoO2	0.5102040816326531	0.5	-0.6	5.704743240812764
LiCoO2	0.6122448979591837	0.5	-0.6	5.028428347972412
LiCoO2	0.7142857142857143	0.5	-0.6	4.827609497043556
LiCoO2	0.8163265306122449	0.5	-0.6	5.017410721378615
LiCoO2	0.9183673469387756	0.5	-0.6	5.41554402391349
LiCoO2	1.020408163265306	0.5	-0.6	5.873424919174584
LiCoO2	1.1224489795918369	0.5	-0.6	6.311164378395824
LiCoO2	1.2244897959183674	0.5	-0.6	6.696639383582561
LiCoO2	1.326530612244898	0.5102040816326531	-0.6	7.021421480876144
LiCoO2	1.4285714285714286	0.5612244897959184	-0.6	7.271055191877289
LiCoO2	1.530612244897959	0.6020408163265307	-0.6	7.443953043999222
LiCoO2	1.6326530612244898	0.6428571428571429	-0.6	7.545933914109694
LiCoO2	1.7346938775510203	0.6836734693877551	-0.6	7.582003404586935
LiCoO2	1.836734693877551	0.7142857142857143	-0.6	7.555482551687669
LiCoO2	1.9387755102040816	0.7346938775510204	-0.6	7.469115264716151
LiCoO2	2.0408163265306123	0.7653061224489797	-0.6	7.325004889861863
LiCoO2	2.142857142857143	0.7857142857142857	-0.6	7.124547652173927
LiCoO2	2.2448979591836737	0.8061224489795918	-0.6	6.868646259264447
LiCoO2	2.346938775510204	0.826530612244898	-0.6	6.55748595424002
LiCoO2	2.4489795918367347	0.8469387755102041	-0.6	6.191109740561499
LiCoO2	2.5510204081632653	0.8571428571428572	-0.6	5.768826280566609
LiCoO2	2.653061224489796	0.8775510204081632	-0.6	5.292028202436605
LiCoO2	2.7551020408163267	0.8877551020408163	-0.6	4.7625450747555895
LiCoO2	2.857142857142857	0.8979591836734694	-0.6	4.186541731571904
LiCoO2	2.959183673469388	0.9183673469387756	-0.6	3.572147180217873
LiCoO2	3.0612244897959187	0.9285714285714286	-0.6	2.932090507071345
LiCoO2	3.163265306122449	0.9387755102040816	-0.6	2.285877560774237
LiCoO2	3.26530612244898	0.9489795918367347	-0.6	1.660245871608195
LiCoO2	3.36734693877551	0.9591836734693876	-0.6	1.1018734553589078
LiCoO2	3.4693877551020407	0.9693877551020408	-0.6	0.7266342015219511
LiCoO2	3.571428571428572	0.979591836734694	-0.6	0.738800082129836
LiCoO2	3.673469387755102	0.979591836734694	-0.6	1.0207788284110393
LiCoO2	3.7755102040816326	0.9897959183673468	-0.6	1.3400136273642869
LiCoO2	3.877551020408164	1.0	-0.6	1.6070095329665013
LiCoO2	3.979591836734694	0.9897959183673468	-0.5877551020408163	1.7927635311811465
LiCoO2	4.081632653061225	0.9897959183673468	-0.5877551020408163	1.869430634525389
LiCoO2	4.183673469387755	0.979591836734694	-0.5755102040816327	1.8365160126068172
LiCoO2	4.285714285714286	0.9897959183673468	-0.5755102040816327	1.6909941213190387
LiCoO2	4.387755102040816	0.979591836734694	-0.563265306122449	1.4323991377954262
LiCoO2	4.489795918367348	0.979591836734694	-0.563265306122449	1.0641092387261208
LiCoO2	4.591836734693878	0.9693877551020408	-0.5510204081632653	0.5764635721680412
LiCoO2	4.6938775510204085	0.979591836734694	-0.5510204081632653	0.1092806077346283
LiCoO2	4.795918367346939	0.979591836734694	-0.5510204081632653	0.7023307368566615
LiCoO2	4.8979591836734695	0.9693877551020408	-0.5387755102040817	1.4472496957199197
LiCoO2	5.0	0.9693877551020408	-0.5387755102040817	2.2582520063175133
LiFePO4	0.0	1.0	-0.183673469387755	14.383642183694288
LiFePO4	0.1020408163265306	0.5	0.0	11.72782083991785
LiFePO4	0.2040816326530612	0.5	-0.1959183673469387	13.590193072631513
LiFePO4	0.3061224489795918	0.5	-0.3428571428571428	11.146563486175982
LiFePO4	0.4081632653061224	0.5	-0.6	11.891219312570191
LiFePO4	0.5102040816326531	0.5918367346938775	-0.6	13.91223813855506
LiFePO4	0.6122448979591837	0.5	-0.4163265306122449	13.469184974188613
LiFePO4	0.7142857142857143	0.7551020408163265	-0.6	12.4288273309099
LiFePO4	0.8163265306122449	0.8061224489795918	-0.6	12.750909440036038
LiFePO4	0.9183673469387756	0.8469387755102041	-0.6	14.466632305432922
LiFePO4	1.020408163265306	0.8775510204081632	-0.6	16.56865684861649
LiFePO4	1.1224489795918369	0.9081632653061223	-0.6	18.12083248336994
LiFePO4	1.2244897959183674	0.9285714285714286	-0.6	18.866840106219332
LiFePO4	1.326530612244898	0.9489795918367347	-0.6	19.05429930285603
LiFePO4	1.4285714285714286	0.9693877551020408	-0.6	19.05676103968249
LiFePO4	1.530612244897959	0.979591836734694	-0.6	19.15202577781572
LiFePO4	1.6326530612244898	0.9897959183673468	-0.6	19.470789854016395
LiFePO4	1.7346938775510203	1.0	-0.6	20.02754702114492
LiFePO4	1.836734693877551	1.0	-0.6	20.7721253520392
LiFePO4	1.9387755102040816	1.0	-0.6	21.62917616318897
LiFePO4	2.0408163265306123	1.0	-0.6	22.524405556858355
LiFePO4	2.142857142857143	1.0	-0.6	23.39763382079277
LiFePO4	2.2448979591836737	1.0	-0.6	24.20650083027736
LiFePO4	2.346938775510204	1.0	-0.6	24.92506784726976
LiFePO4	2.4489795918367347	1.0	-0.6	25.54029331722929
LiFePO4	2.5510204081632653	1.0	-0.6	26.048190576092843
LiFePO4	2.653061224489796	1.0	-0.6	26.45053806451792
LiFePO4	2.7551020408163267	1.0	-0.6	26.75241924177738
LiFePO4	2.857142857142857	1.0	-0.6	26.960562651065835
LiFePO4	2.959183673469388	1.0	-0.6	27.08233081848557
LiFePO4	3.0612244897959187	1.0	-0.6	27.125183847173417
LiFePO4	3.163265306122449	1.0	-0.6	27.096463647683954
LiFePO4	3.26530612244898	1.0	-0.6	27.003377036712973
LiFePO4	3.36734693877551	1.0	-0.6	26.85308647735584
LiFePO4	3.4693877551020407	1.0	-0.6	26.65284156224898
LiFePO4	3.571428571428572	1.0	-0.5877551020408163	26.406020282849923
LiFePO4	3.673469387755102	1.0	-0.5877551020408163	26.122233912987056
LiFePO4	3.7755102040816326	1.0	-0.5755102040816327	25.80725553222289
LiFePO4	3.877551020408164	1.0	-0.5755102040816327	25.470671811643385
LiFePO4	3.979591836734694	1.0	-0.563265306122449	25.12031791228568
LiFePO4	4.081632653061225	1.0	-0.563265306122449	24.76299852948861
LiFePO4	4.183673469387755	1.0	-0.563265306122449	24.410406682142103
LiFePO4	4.285714285714286	1.0	-0.5510204081632653	24.063569582090388
LiFePO4	4.387755102040816	1.0	-0.5510204081632653	23.7352968368106
LiFePO4	4.489795918367348	1.0	-0.5387755102040817	23.430465762200782
LiFePO4	4.591836734693878	1.0	-0.5387755102040817	23.1503286302175
LiFePO4	4.6938775510204085	1.0	-0.5387755102040817	22.90443518663955
LiFePO4	4.795918367346939	1.0	-0.5265306122448979	22.696147015416575
LiFePO4	4.8979591836734695	1.0	-0.5265306122448979	22.52192728285508
LiFePO4	5.0	1.0	-0.5265306122448979	22.39053704294929
