   occupation matrix (subspace #           1 , spin            1 )
   0.08463  -0.00000   0.02899  -0.00000   0.00000   0.00000  -0.00000
  -0.00000   0.22705  -0.00000   0.00000  -0.00000  -0.00000  -0.00000
   0.02899  -0.00000   0.06966   0.00000   0.00000   0.00000  -0.00000
  -0.00000   0.00000   0.00000   0.10708  -0.00000   0.00000   0.00000
   0.00000  -0.00000   0.00000  -0.00000   0.06966   0.00000  -0.02899
   0.00000  -0.00000   0.00000   0.00000   0.00000   0.04721   0.00000
  -0.00000  -0.00000  -0.00000   0.00000  -0.02899   0.00000   0.08463
   occupation matrix (subspace #           2 , spin            1 )
   0.08463   0.00000   0.02899   0.00000  -0.00000   0.00000   0.00000
   0.00000   0.22705   0.00000  -0.00000  -0.00000   0.00000   0.00000
   0.02899   0.00000   0.06966   0.00000  -0.00000   0.00000   0.00000
   0.00000  -0.00000   0.00000   0.10708   0.00000   0.00000  -0.00000
  -0.00000  -0.00000  -0.00000   0.00000   0.06966  -0.00000  -0.02899
   0.00000   0.00000   0.00000   0.00000  -0.00000   0.04721  -0.00000
   0.00000   0.00000   0.00000  -0.00000  -0.02899  -0.00000   0.08463
   occupation matrix (subspace #           3 , spin            1 )
   0.08463  -0.00000   0.02899   0.00000  -0.00000  -0.00000   0.00000
  -0.00000   0.22705  -0.00000  -0.00000   0.00000   0.00000  -0.00000
   0.02899  -0.00000   0.06966   0.00000  -0.00000  -0.00000   0.00000
   0.00000  -0.00000   0.00000   0.10708  -0.00000   0.00000   0.00000
  -0.00000   0.00000  -0.00000  -0.00000   0.06966   0.00000  -0.02899
  -0.00000   0.00000  -0.00000   0.00000   0.00000   0.04721   0.00000
   0.00000  -0.00000   0.00000   0.00000  -0.02899   0.00000   0.08463
   occupation matrix (subspace #           4 , spin            1 )
   0.08463   0.00000   0.02899   0.00000   0.00000  -0.00000  -0.00000
   0.00000   0.22705   0.00000   0.00000   0.00000  -0.00000  -0.00000
   0.02899   0.00000   0.06966  -0.00000   0.00000  -0.00000  -0.00000
   0.00000   0.00000  -0.00000   0.10708   0.00000   0.00000  -0.00000
   0.00000   0.00000   0.00000   0.00000   0.06966  -0.00000  -0.02899
  -0.00000  -0.00000  -0.00000   0.00000  -0.00000   0.04721  -0.00000
  -0.00000  -0.00000  -0.00000  -0.00000  -0.02899  -0.00000   0.08463
   occupation matrix (subspace #           5 , spin            1 )
   1.75030  -0.00000   0.00000
  -0.00000   1.75030   0.00000
   0.00000   0.00000   1.75030
   occupation matrix (subspace #           6 , spin            1 )
   1.75030  -0.00000  -0.00000
  -0.00000   1.75030  -0.00000
  -0.00000  -0.00000   1.75030
   occupation matrix (subspace #           7 , spin            1 )
   1.75030   0.00000  -0.00000
   0.00000   1.75030   0.00000
  -0.00000   0.00000   1.75030
   occupation matrix (subspace #           8 , spin            1 )
   1.75030   0.00000   0.00000
   0.00000   1.75030  -0.00000
   0.00000  -0.00000   1.75030
   occupation matrix (subspace #           9 , spin            1 )
   1.75030  -0.00000   0.00000
  -0.00000   1.75030   0.00000
   0.00000   0.00000   1.75030
   occupation matrix (subspace #          10 , spin            1 )
   1.75030  -0.00000  -0.00000
  -0.00000   1.75030  -0.00000
  -0.00000  -0.00000   1.75030
   occupation matrix (subspace #          11 , spin            1 )
   1.75030   0.00000  -0.00000
   0.00000   1.75030   0.00000
  -0.00000   0.00000   1.75030
   occupation matrix (subspace #          12 , spin            1 )
   1.75030   0.00000   0.00000
   0.00000   1.75030  -0.00000
   0.00000  -0.00000   1.75030
