   occupation matrix (subspace #           1 , spin            1 )
   0.05782   0.00000   0.01855  -0.00000   0.00000  -0.00000  -0.00000
   0.00000   0.17793   0.00000  -0.00000   0.00000  -0.00000   0.00000
   0.01855   0.00000   0.04824   0.00000   0.00000  -0.00000  -0.00000
  -0.00000  -0.00000   0.00000   0.07219   0.00000   0.00000  -0.00000
   0.00000   0.00000   0.00000   0.00000   0.04824   0.00000  -0.01855
  -0.00000  -0.00000  -0.00000   0.00000   0.00000   0.03387  -0.00000
  -0.00000   0.00000  -0.00000  -0.00000  -0.01855  -0.00000   0.05782
   occupation matrix (subspace #           2 , spin            1 )
   0.05782   0.00000   0.01855  -0.00000  -0.00000  -0.00000   0.00000
   0.00000   0.17793   0.00000  -0.00000   0.00000  -0.00000   0.00000
   0.01855   0.00000   0.04824   0.00000  -0.00000  -0.00000   0.00000
  -0.00000  -0.00000   0.00000   0.07219   0.00000   0.00000  -0.00000
  -0.00000   0.00000  -0.00000   0.00000   0.04824   0.00000  -0.01855
  -0.00000  -0.00000  -0.00000   0.00000   0.00000   0.03387  -0.00000
   0.00000   0.00000   0.00000  -0.00000  -0.01855  -0.00000   0.05782
   occupation matrix (subspace #           3 , spin            1 )
   0.05782   0.00000   0.01855   0.00000  -0.00000   0.00000   0.00000
   0.00000   0.17793   0.00000   0.00000  -0.00000   0.00000  -0.00000
   0.01855   0.00000   0.04824  -0.00000  -0.00000   0.00000   0.00000
   0.00000   0.00000  -0.00000   0.07219   0.00000   0.00000  -0.00000
  -0.00000  -0.00000  -0.00000   0.00000   0.04824   0.00000  -0.01855
   0.00000   0.00000   0.00000   0.00000   0.00000   0.03387  -0.00000
   0.00000  -0.00000   0.00000  -0.00000  -0.01855  -0.00000   0.05782
   occupation matrix (subspace #           4 , spin            1 )
   0.05782   0.00000   0.01855   0.00000  -0.00000   0.00000  -0.00000
   0.00000   0.17793   0.00000   0.00000  -0.00000   0.00000  -0.00000
   0.01855   0.00000   0.04824  -0.00000   0.00000   0.00000  -0.00000
   0.00000   0.00000  -0.00000   0.07219   0.00000   0.00000  -0.00000
  -0.00000  -0.00000   0.00000   0.00000   0.04824   0.00000  -0.01855
   0.00000   0.00000   0.00000   0.00000   0.00000   0.03387  -0.00000
  -0.00000  -0.00000  -0.00000  -0.00000  -0.01855  -0.00000   0.05782
   occupation matrix (subspace #           5 , spin            1 )
   1.69136   0.00000   0.00000
   0.00000   1.69136  -0.00000
   0.00000  -0.00000   1.69136
   occupation matrix (subspace #           6 , spin            1 )
   1.69136   0.00000   0.00000
   0.00000   1.69136  -0.00000
   0.00000  -0.00000   1.69136
   occupation matrix (subspace #           7 , spin            1 )
   1.69136  -0.00000  -0.00000
  -0.00000   1.69136  -0.00000
  -0.00000  -0.00000   1.69136
   occupation matrix (subspace #           8 , spin            1 )
   1.69136  -0.00000  -0.00000
  -0.00000   1.69136  -0.00000
  -0.00000  -0.00000   1.69136
   occupation matrix (subspace #           9 , spin            1 )
   1.69136   0.00000   0.00000
   0.00000   1.69136  -0.00000
   0.00000  -0.00000   1.69136
   occupation matrix (subspace #          10 , spin            1 )
   1.69136   0.00000   0.00000
   0.00000   1.69136  -0.00000
   0.00000  -0.00000   1.69136
   occupation matrix (subspace #          11 , spin            1 )
   1.69136  -0.00000  -0.00000
  -0.00000   1.69136  -0.00000
  -0.00000  -0.00000   1.69136
   occupation matrix (subspace #          12 , spin            1 )
   1.69136  -0.00000  -0.00000
  -0.00000   1.69136  -0.00000
  -0.00000  -0.00000   1.69136
