Material	U	c1	c2	R	EN	QN	Subshell	Ion_OE	Auxiliary_type	Auxiliary_zval	DFT_x1	DFT_x2	DFT_x3	DFT_x4	DFT_x5	DFT_x6	DFT_x7	DFT_p1	DFT_p2	DFT_p3
Anatase	1.020408163	0.5	-0.6	147	1.54	3	5	0	2	2.7	0.18052	0.16199	0.35026	0.16199	0.3281	0	0	1.63806	1.63847	1.638065
Anatase	1.530612245	0.704081633	-0.6	147	1.54	3	5	0	2	2.7	0.18052	0.16199	0.35026	0.16199	0.3281	0	0	1.63806	1.63847	1.638065
Anatase	1.836734694	0.795918367	-0.6	147	1.54	3	5	0	2	2.7	0.18052	0.16199	0.35026	0.16199	0.3281	0	0	1.63806	1.63847	1.638065
Anatase	2.244897959	0.87755102	-0.6	147	1.54	3	5	0	2	2.7	0.18052	0.16199	0.35026	0.16199	0.3281	0	0	1.63806	1.63847	1.638065
Anatase	2.653061224	0.928571429	-0.6	147	1.54	3	5	0	2	2.7	0.18052	0.16199	0.35026	0.16199	0.3281	0	0	1.63806	1.63847	1.638065
Anatase	2.755102041	0.93877551	-0.6	147	1.54	3	5	0	2	2.7	0.18052	0.16199	0.35026	0.16199	0.3281	0	0	1.63806	1.63847	1.638065
Anatase	2.857142857	0.959183673	-0.6	147	1.54	3	5	0	2	2.7	0.18052	0.16199	0.35026	0.16199	0.3281	0	0	1.63806	1.63847	1.638065
Anatase	2.959183673	0.969387755	-0.6	147	1.54	3	5	0	2	2.7	0.18052	0.16199	0.35026	0.16199	0.3281	0	0	1.63806	1.63847	1.638065
Anatase	3.06122449	0.979591837	-0.6	147	1.54	3	5	0	2	2.7	0.18052	0.16199	0.35026	0.16199	0.3281	0	0	1.63806	1.63847	1.638065
Anatase	3.367346939	1	-0.6	147	1.54	3	5	0	2	2.7	0.18052	0.16199	0.35026	0.16199	0.3281	0	0	1.63806	1.63847	1.638065
Rutile	1.020408163	0.5	-0.526530612	147	1.54	3	5	0	2	2.7	0.26815	0.26906	0.18476	0.26906	0.17583	0	0	1.66049	1.62748	1.66049
Rutile	1.530612245	0.632653061	-0.502040816	147	1.54	3	5	0	2	2.7	0.26815	0.26906	0.18476	0.26906	0.17583	0	0	1.66049	1.62748	1.66049
Rutile	1.836734694	0.714285714	-0.502040816	147	1.54	3	5	0	2	2.7	0.26815	0.26906	0.18476	0.26906	0.17583	0	0	1.66049	1.62748	1.66049
Rutile	2.244897959	0.765306122	-0.489795918	147	1.54	3	5	0	2	2.7	0.26815	0.26906	0.18476	0.26906	0.17583	0	0	1.66049	1.62748	1.66049
Rutile	2.653061224	0.816326531	-0.489795918	147	1.54	3	5	0	2	2.7	0.26815	0.26906	0.18476	0.26906	0.17583	0	0	1.66049	1.62748	1.66049
Rutile	2.755102041	0.826530612	-0.489795918	147	1.54	3	5	0	2	2.7	0.26815	0.26906	0.18476	0.26906	0.17583	0	0	1.66049	1.62748	1.66049
Rutile	2.857142857	0.836734694	-0.489795918	147	1.54	3	5	0	2	2.7	0.26815	0.26906	0.18476	0.26906	0.17583	0	0	1.66049	1.62748	1.66049
Rutile	2.959183673	0.846938776	-0.489795918	147	1.54	3	5	0	2	2.7	0.26815	0.26906	0.18476	0.26906	0.17583	0	0	1.66049	1.62748	1.66049
Rutile	3.06122449	0.857142857	-0.489795918	147	1.54	3	5	0	2	2.7	0.26815	0.26906	0.18476	0.26906	0.17583	0	0	1.66049	1.62748	1.66049
Rutile	3.367346939	0.908163265	-0.514285714	147	1.54	3	5	0	2	2.7	0.26815	0.26906	0.18476	0.26906	0.17583	0	0	1.66049	1.62748	1.66049
CeO2	1.020408163	0.5	-0.159183673	204	1.12	4	7	0	2	7.6	0.08463	0.22705	0.06966	0.10708	0.06966	0.04721	0.08463	1.7503	1.7503	1.7503
CeO2	1.530612245	0.5	-0.220408163	204	1.12	4	7	0	2	7.6	0.08463	0.22705	0.06966	0.10708	0.06966	0.04721	0.08463	1.7503	1.7503	1.7503
CeO2	1.836734694	0.5	-0.281632653	204	1.12	4	7	0	2	7.6	0.08463	0.22705	0.06966	0.10708	0.06966	0.04721	0.08463	1.7503	1.7503	1.7503
CeO2	2.244897959	0.5	-0.6	204	1.12	4	7	0	2	7.6	0.08463	0.22705	0.06966	0.10708	0.06966	0.04721	0.08463	1.7503	1.7503	1.7503
CeO2	2.653061224	0.56122449	-0.6	204	1.12	4	7	0	2	7.6	0.08463	0.22705	0.06966	0.10708	0.06966	0.04721	0.08463	1.7503	1.7503	1.7503
CeO2	2.755102041	0.612244898	-0.6	204	1.12	4	7	0	2	7.6	0.08463	0.22705	0.06966	0.10708	0.06966	0.04721	0.08463	1.7503	1.7503	1.7503
CeO2	2.857142857	0.683673469	-0.53877551	204	1.12	4	7	0	2	7.6	0.08463	0.22705	0.06966	0.10708	0.06966	0.04721	0.08463	1.7503	1.7503	1.7503
CeO2	2.959183673	0.714285714	-0.53877551	204	1.12	4	7	0	2	7.6	0.08463	0.22705	0.06966	0.10708	0.06966	0.04721	0.08463	1.7503	1.7503	1.7503
CeO2	3.06122449	0.744897959	-0.551020408	204	1.12	4	7	0	2	7.6	0.08463	0.22705	0.06966	0.10708	0.06966	0.04721	0.08463	1.7503	1.7503	1.7503
CeO2	3.367346939	0.826530612	-0.551020408	204	1.12	4	7	0	2	7.6	0.08463	0.22705	0.06966	0.10708	0.06966	0.04721	0.08463	1.7503	1.7503	1.7503
ZrO2	1.020408163	0.704081633	-0.183673469	155	1.33	4	5	0	1	3.5	0.12334	0.16876	0.14038	0.1801	0.09096	0	0	2.083645	1.25095	2.01872
ZrO2	1.530612245	0.734693878	-0.47755102	155	1.33	4	5	0	1	3.5	0.12334	0.16876	0.14038	0.1801	0.09096	0	0	2.083645	1.25095	2.01872
ZrO2	1.836734694	0.755102041	0	155	1.33	4	5	0	1	3.5	0.12334	0.16876	0.14038	0.1801	0.09096	0	0	2.083645	1.25095	2.01872
ZrO2	2.244897959	0.785714286	0	155	1.33	4	5	0	1	3.5	0.12334	0.16876	0.14038	0.1801	0.09096	0	0	2.083645	1.25095	2.01872
ZrO2	2.653061224	0.806122449	0	155	1.33	4	5	0	1	3.5	0.12334	0.16876	0.14038	0.1801	0.09096	0	0	2.083645	1.25095	2.01872
ZrO2	2.755102041	0.816326531	0	155	1.33	4	5	0	1	3.5	0.12334	0.16876	0.14038	0.1801	0.09096	0	0	2.083645	1.25095	2.01872
ZrO2	2.857142857	0.826530612	0	155	1.33	4	5	0	1	3.5	0.12334	0.16876	0.14038	0.1801	0.09096	0	0	2.083645	1.25095	2.01872
ZrO2	2.959183673	0.836734694	0	155	1.33	4	5	0	1	3.5	0.12334	0.16876	0.14038	0.1801	0.09096	0	0	2.083645	1.25095	2.01872
ZrO2	3.06122449	0.836734694	0	155	1.33	4	5	0	1	3.5	0.12334	0.16876	0.14038	0.1801	0.09096	0	0	2.083645	1.25095	2.01872
ZrO2	3.367346939	0.867346939	-0.195918367	155	1.33	4	5	0	1	3.5	0.12334	0.16876	0.14038	0.1801	0.09096	0	0	2.083645	1.25095	2.01872
WO3	1.020408163	0.5	0	139	2.36	5	5	0	0	0	0.39437625	0.4163175	0.3796725	0.40005625	0.36303875	0	0	1.532489583	1.54704375	1.506700833
WO3	1.530612245	0.5	0	139	2.36	5	5	0	0	0	0.39437625	0.4163175	0.3796725	0.40005625	0.36303875	0	0	1.532489583	1.54704375	1.506700833
WO3	1.836734694	0.5	0	139	2.36	5	5	0	0	0	0.39437625	0.4163175	0.3796725	0.40005625	0.36303875	0	0	1.532489583	1.54704375	1.506700833
WO3	2.244897959	0.5	0	139	2.36	5	5	0	0	0	0.39437625	0.4163175	0.3796725	0.40005625	0.36303875	0	0	1.532489583	1.54704375	1.506700833
WO3	2.653061224	0.5	0	139	2.36	5	5	0	0	0	0.39437625	0.4163175	0.3796725	0.40005625	0.36303875	0	0	1.532489583	1.54704375	1.506700833
WO3	2.755102041	0.5	0	139	2.36	5	5	0	0	0	0.39437625	0.4163175	0.3796725	0.40005625	0.36303875	0	0	1.532489583	1.54704375	1.506700833
WO3	2.857142857	0.5	0	139	2.36	5	5	0	0	0	0.39437625	0.4163175	0.3796725	0.40005625	0.36303875	0	0	1.532489583	1.54704375	1.506700833
WO3	2.959183673	0.5	0	139	2.36	5	5	0	0	0	0.39437625	0.4163175	0.3796725	0.40005625	0.36303875	0	0	1.532489583	1.54704375	1.506700833
WO3	3.06122449	0.5	0	139	2.36	5	5	0	0	0	0.39437625	0.4163175	0.3796725	0.40005625	0.36303875	0	0	1.532489583	1.54704375	1.506700833
WO3	3.367346939	1	0	139	2.36	5	5	0	0	0	0.39437625	0.4163175	0.3796725	0.40005625	0.36303875	0	0	1.532489583	1.54704375	1.506700833
Cu2O	1.020408163	1	-0.6	145	1.9	3	5	10	2	3.1	1.88547	1.88547	2.01514	1.88547	2.01514	0	0	1.49502	1.49502	1.49502
Cu2O	1.530612245	1	-0.6	145	1.9	3	5	10	2	3.1	1.88547	1.88547	2.01514	1.88547	2.01514	0	0	1.49502	1.49502	1.49502
Cu2O	1.836734694	1	-0.6	145	1.9	3	5	10	2	3.1	1.88547	1.88547	2.01514	1.88547	2.01514	0	0	1.49502	1.49502	1.49502
Cu2O	2.244897959	1	-0.575510204	145	1.9	3	5	10	2	3.1	1.88547	1.88547	2.01514	1.88547	2.01514	0	0	1.49502	1.49502	1.49502
Cu2O	2.653061224	1	-0.551020408	145	1.9	3	5	10	2	3.1	1.88547	1.88547	2.01514	1.88547	2.01514	0	0	1.49502	1.49502	1.49502
Cu2O	2.755102041	1	-0.551020408	145	1.9	3	5	10	2	3.1	1.88547	1.88547	2.01514	1.88547	2.01514	0	0	1.49502	1.49502	1.49502
Cu2O	2.857142857	1	-0.53877551	145	1.9	3	5	10	2	3.1	1.88547	1.88547	2.01514	1.88547	2.01514	0	0	1.49502	1.49502	1.49502
Cu2O	2.959183673	1	-0.53877551	145	1.9	3	5	10	2	3.1	1.88547	1.88547	2.01514	1.88547	2.01514	0	0	1.49502	1.49502	1.49502
Cu2O	3.06122449	1	-0.53877551	145	1.9	3	5	10	2	3.1	1.88547	1.88547	2.01514	1.88547	2.01514	0	0	1.49502	1.49502	1.49502
Cu2O	3.367346939	1	-0.526530612	145	1.9	3	5	10	2	3.1	1.88547	1.88547	2.01514	1.88547	2.01514	0	0	1.49502	1.49502	1.49502
MoO3	1.020408163	0.5	0	145	2.16	4	5	0	0	0	0.54009	0.4931125	0.46878	0.469385	0.52024	0	0	1.566588333	1.405505	1.536796667
MoO3	1.530612245	0.989795918	0	145	2.16	4	5	0	0	0	0.54009	0.4931125	0.46878	0.469385	0.52024	0	0	1.566588333	1.405505	1.536796667
MoO3	1.836734694	1	0	145	2.16	4	5	0	0	0	0.54009	0.4931125	0.46878	0.469385	0.52024	0	0	1.566588333	1.405505	1.536796667
MoO3	2.244897959	0.5	0	145	2.16	4	5	0	0	0	0.54009	0.4931125	0.46878	0.469385	0.52024	0	0	1.566588333	1.405505	1.536796667
MoO3	2.653061224	0.5	0	145	2.16	4	5	0	0	0	0.54009	0.4931125	0.46878	0.469385	0.52024	0	0	1.566588333	1.405505	1.536796667
MoO3	2.755102041	0.5	0	145	2.16	4	5	0	0	0	0.54009	0.4931125	0.46878	0.469385	0.52024	0	0	1.566588333	1.405505	1.536796667
MoO3	2.857142857	0.5	0	145	2.16	4	5	0	0	0	0.54009	0.4931125	0.46878	0.469385	0.52024	0	0	1.566588333	1.405505	1.536796667
MoO3	2.959183673	0.5	0	145	2.16	4	5	0	0	0	0.54009	0.4931125	0.46878	0.469385	0.52024	0	0	1.566588333	1.405505	1.536796667
MoO3	3.06122449	0.5	0	145	2.16	4	5	0	0	0	0.54009	0.4931125	0.46878	0.469385	0.52024	0	0	1.566588333	1.405505	1.536796667
MoO3	3.367346939	0.5	0	145	2.16	4	5	0	0	0	0.54009	0.4931125	0.46878	0.469385	0.52024	0	0	1.566588333	1.405505	1.536796667
Y2O3	1.020408163	0.724489796	-0.012244898	180	1.22	4	5	0	1	4	0.0703275	0.0703275	0.03798	0.070325	0.0379775	0	0	1.74411875	1.744116667	1.74411
Y2O3	1.530612245	0.765306122	-0.012244898	180	1.22	4	5	0	1	4	0.0703275	0.0703275	0.03798	0.070325	0.0379775	0	0	1.74411875	1.744116667	1.74411
Y2O3	1.836734694	0.785714286	-0.012244898	180	1.22	4	5	0	1	4	0.0703275	0.0703275	0.03798	0.070325	0.0379775	0	0	1.74411875	1.744116667	1.74411
Y2O3	2.244897959	0.816326531	-0.134693878	180	1.22	4	5	0	1	4	0.0703275	0.0703275	0.03798	0.070325	0.0379775	0	0	1.74411875	1.744116667	1.74411
Y2O3	2.653061224	0.857142857	-0.208163265	180	1.22	4	5	0	1	4	0.0703275	0.0703275	0.03798	0.070325	0.0379775	0	0	1.74411875	1.744116667	1.74411
Y2O3	2.755102041	0.867346939	-0.232653061	180	1.22	4	5	0	1	4	0.0703275	0.0703275	0.03798	0.070325	0.0379775	0	0	1.74411875	1.744116667	1.74411
Y2O3	2.857142857	0.87755102	-0.244897959	180	1.22	4	5	0	1	4	0.0703275	0.0703275	0.03798	0.070325	0.0379775	0	0	1.74411875	1.744116667	1.74411
Y2O3	2.959183673	0.887755102	-0.257142857	180	1.22	4	5	0	1	4	0.0703275	0.0703275	0.03798	0.070325	0.0379775	0	0	1.74411875	1.744116667	1.74411
Y2O3	3.06122449	0.897959184	-0.269387755	180	1.22	4	5	0	1	4	0.0703275	0.0703275	0.03798	0.070325	0.0379775	0	0	1.74411875	1.744116667	1.74411
Y2O3	3.367346939	0.93877551	-0.318367347	180	1.22	4	5	0	1	4	0.0703275	0.0703275	0.03798	0.070325	0.0379775	0	0	1.74411875	1.744116667	1.74411
LiCoO2	1.020408163	1	0	135	1.88	3	5	6	2	5.4	1.45115	0.99449	2.02141	1.09468	1.54812	0	0	1.63215	1.73854	1.63526
LiCoO2	1.530612245	1	0	135	1.88	3	5	6	2	5.4	1.45115	0.99449	2.02141	1.09468	1.54812	0	0	1.63215	1.73854	1.63526
LiCoO2	1.836734694	1	0	135	1.88	3	5	6	2	5.4	1.45115	0.99449	2.02141	1.09468	1.54812	0	0	1.63215	1.73854	1.63526
LiCoO2	2.244897959	1	0	135	1.88	3	5	6	2	5.4	1.45115	0.99449	2.02141	1.09468	1.54812	0	0	1.63215	1.73854	1.63526
LiCoO2	2.653061224	1	0	135	1.88	3	5	6	2	5.4	1.45115	0.99449	2.02141	1.09468	1.54812	0	0	1.63215	1.73854	1.63526
LiCoO2	2.755102041	1	0	135	1.88	3	5	6	2	5.4	1.45115	0.99449	2.02141	1.09468	1.54812	0	0	1.63215	1.73854	1.63526
LiCoO2	2.857142857	1	0	135	1.88	3	5	6	2	5.4	1.45115	0.99449	2.02141	1.09468	1.54812	0	0	1.63215	1.73854	1.63526
LiCoO2	2.959183673	1	0	135	1.88	3	5	6	2	5.4	1.45115	0.99449	2.02141	1.09468	1.54812	0	0	1.63215	1.73854	1.63526
LiCoO2	3.06122449	1	0	135	1.88	3	5	6	2	5.4	1.45115	0.99449	2.02141	1.09468	1.54812	0	0	1.63215	1.73854	1.63526
LiCoO2	3.367346939	1	0	135	1.88	3	5	6	2	5.4	1.45115	0.99449	2.02141	1.09468	1.54812	0	0	1.63215	1.73854	1.63526
LiFePO4	1.020408163	0.87755102	-0.6	139	1.55	3	5	6	2	3.2	1.38009	0.83042	2.02457	0.82655	1.35811	0	0	1.4651475	1.408155	1.43974
LiFePO4	1.530612245	0.979591837	-0.6	139	1.55	3	5	6	2	3.2	1.38009	0.83042	2.02457	0.82655	1.35811	0	0	1.4651475	1.408155	1.43974
LiFePO4	1.836734694	1	-0.6	139	1.55	3	5	6	2	3.2	1.38009	0.83042	2.02457	0.82655	1.35811	0	0	1.4651475	1.408155	1.43974
LiFePO4	2.244897959	1	-0.6	139	1.55	3	5	6	2	3.2	1.38009	0.83042	2.02457	0.82655	1.35811	0	0	1.4651475	1.408155	1.43974
LiFePO4	2.653061224	1	-0.6	139	1.55	3	5	6	2	3.2	1.38009	0.83042	2.02457	0.82655	1.35811	0	0	1.4651475	1.408155	1.43974
LiFePO4	2.755102041	1	-0.6	139	1.55	3	5	6	2	3.2	1.38009	0.83042	2.02457	0.82655	1.35811	0	0	1.4651475	1.408155	1.43974
LiFePO4	2.857142857	1	-0.6	139	1.55	3	5	6	2	3.2	1.38009	0.83042	2.02457	0.82655	1.35811	0	0	1.4651475	1.408155	1.43974
LiFePO4	2.959183673	1	-0.6	139	1.55	3	5	6	2	3.2	1.38009	0.83042	2.02457	0.82655	1.35811	0	0	1.4651475	1.408155	1.43974
LiFePO4	3.06122449	1	-0.6	139	1.55	3	5	6	2	3.2	1.38009	0.83042	2.02457	0.82655	1.35811	0	0	1.4651475	1.408155	1.43974
LiFePO4	3.367346939	1	-0.6	139	1.55	3	5	6	2	3.2	1.38009	0.83042	2.02457	0.82655	1.35811	0	0	1.4651475	1.408155	1.43974
