   occupation matrix (subspace #           1 , spin            1 )
   0.29355   0.00000   0.11273   0.00000   0.00000
   0.00000   0.28494  -0.00000  -0.10653  -0.00000
   0.11273  -0.00000   0.19806  -0.00000   0.00000
   0.00000  -0.10653  -0.00000   0.28495   0.00000
   0.00000  -0.00000   0.00000   0.00000   0.16978
   occupation matrix (subspace #           2 , spin            1 )
   0.29355   0.00000  -0.11273   0.00000  -0.00000
   0.00000   0.28494  -0.00000   0.10653   0.00000
  -0.11273  -0.00000   0.19806  -0.00000   0.00000
   0.00000   0.10653  -0.00000   0.28495  -0.00000
  -0.00000   0.00000   0.00000  -0.00000   0.16978
   occupation matrix (subspace #           3 , spin            1 )
   1.57913  -0.00000  -0.09083
  -0.00000   1.53020  -0.00000
  -0.09083  -0.00000   1.57913
   occupation matrix (subspace #           4 , spin            1 )
   1.57913   0.00000  -0.09083
   0.00000   1.53020   0.00000
  -0.09083   0.00000   1.57913
   occupation matrix (subspace #           5 , spin            1 )
   1.57913  -0.00000   0.09083
  -0.00000   1.53020   0.00000
   0.09083   0.00000   1.57913
   occupation matrix (subspace #           6 , spin            1 )
   1.57913   0.00000   0.09083
   0.00000   1.53020  -0.00000
   0.09083  -0.00000   1.57913
