   occupation matrix (subspace #           1 , spin            1 )
   0.18052  -0.00000   0.00000  -0.00000   0.00000
  -0.00000   0.16199  -0.00000  -0.00000  -0.00000
   0.00000  -0.00000   0.35026  -0.00000   0.00000
  -0.00000  -0.00000  -0.00000   0.16199   0.00000
   0.00000  -0.00000   0.00000   0.00000   0.32810
   occupation matrix (subspace #           2 , spin            1 )
   0.18052  -0.00000  -0.00000   0.00000   0.00000
  -0.00000   0.16199   0.00000   0.00000  -0.00000
  -0.00000   0.00000   0.35026  -0.00000   0.00000
   0.00000   0.00000  -0.00000   0.16199   0.00000
   0.00000  -0.00000   0.00000   0.00000   0.32810
   occupation matrix (subspace #           3 , spin            1 )
   0.18052  -0.00000  -0.00000  -0.00000   0.00000
  -0.00000   0.16199  -0.00000   0.00000  -0.00000
  -0.00000  -0.00000   0.35026  -0.00000   0.00000
  -0.00000   0.00000  -0.00000   0.16199   0.00000
   0.00000  -0.00000   0.00000   0.00000   0.32810
   occupation matrix (subspace #           4 , spin            1 )
   0.18052  -0.00000   0.00000  -0.00000   0.00000
  -0.00000   0.16199  -0.00000  -0.00000   0.00000
   0.00000  -0.00000   0.35026  -0.00000   0.00000
  -0.00000  -0.00000  -0.00000   0.16199   0.00000
   0.00000   0.00000   0.00000   0.00000   0.32810
   occupation matrix (subspace #           5 , spin            1 )
   1.60374  -0.00000   0.00000
  -0.00000   1.63847   0.00000
   0.00000   0.00000   1.67238
   occupation matrix (subspace #           6 , spin            1 )
   1.67238   0.00000   0.00000
   0.00000   1.63847  -0.00000
   0.00000  -0.00000   1.60375
   occupation matrix (subspace #           7 , spin            1 )
   1.60374  -0.00000   0.00000
  -0.00000   1.63847   0.00000
   0.00000   0.00000   1.67238
   occupation matrix (subspace #           8 , spin            1 )
   1.67238   0.00000   0.00000
   0.00000   1.63847  -0.00000
   0.00000  -0.00000   1.60375
   occupation matrix (subspace #           9 , spin            1 )
   1.60374  -0.00000  -0.00000
  -0.00000   1.63847   0.00000
  -0.00000   0.00000   1.67238
   occupation matrix (subspace #          10 , spin            1 )
   1.67238   0.00000  -0.00000
   0.00000   1.63847  -0.00000
  -0.00000  -0.00000   1.60375
   occupation matrix (subspace #          11 , spin            1 )
   1.60374  -0.00000  -0.00000
  -0.00000   1.63847   0.00000
  -0.00000   0.00000   1.67238
   occupation matrix (subspace #          12 , spin            1 )
   1.67238   0.00000  -0.00000
   0.00000   1.63847  -0.00000
  -0.00000  -0.00000   1.60375
