   occupation matrix (subspace #           1 , spin            1 )
   0.09582   0.03009   0.01138   0.03008   0.00362
   0.03009   0.09582   0.00882  -0.03009  -0.00805
   0.01138   0.00882   0.04375   0.00256   0.00000
   0.03008  -0.03009   0.00256   0.09582   0.01166
   0.00362  -0.00805   0.00000   0.01166   0.04375
   occupation matrix (subspace #           2 , spin            1 )
   0.09582   0.03009  -0.01138  -0.03009  -0.00362
   0.03009   0.09582  -0.00882   0.03009   0.00805
  -0.01138  -0.00882   0.04375   0.00256   0.00000
  -0.03009   0.03009   0.00256   0.09582   0.01166
  -0.00362   0.00805   0.00000   0.01166   0.04375
   occupation matrix (subspace #           3 , spin            1 )
   0.09582  -0.03009   0.01138  -0.03008   0.00362
  -0.03009   0.09582  -0.00882  -0.03009   0.00805
   0.01138  -0.00882   0.04375  -0.00256   0.00000
  -0.03008  -0.03009  -0.00256   0.09582  -0.01166
   0.00362   0.00805   0.00000  -0.01166   0.04375
   occupation matrix (subspace #           4 , spin            1 )
   0.09582  -0.03009  -0.01138   0.03008  -0.00362
  -0.03009   0.09582   0.00882   0.03009  -0.00805
  -0.01138   0.00882   0.04375  -0.00256   0.00000
   0.03008   0.03009  -0.00256   0.09582  -0.01166
  -0.00362  -0.00805   0.00000  -0.01166   0.04375
   occupation matrix (subspace #           5 , spin            1 )
   0.09582   0.03009   0.01138   0.03009   0.00362
   0.03009   0.09582   0.00882  -0.03009  -0.00805
   0.01138   0.00882   0.04375   0.00256   0.00000
   0.03009  -0.03009   0.00256   0.09582   0.01166
   0.00362  -0.00805   0.00000   0.01166   0.04375
   occupation matrix (subspace #           6 , spin            1 )
   0.09582   0.03009  -0.01138  -0.03009  -0.00362
   0.03009   0.09582  -0.00882   0.03008   0.00805
  -0.01138  -0.00882   0.04375   0.00256   0.00000
  -0.03009   0.03008   0.00256   0.09582   0.01166
  -0.00362   0.00805   0.00000   0.01166   0.04375
   occupation matrix (subspace #           7 , spin            1 )
   0.09582  -0.03009   0.01138  -0.03009   0.00362
  -0.03009   0.09582  -0.00882  -0.03009   0.00805
   0.01138  -0.00882   0.04375  -0.00256   0.00000
  -0.03009  -0.03009  -0.00256   0.09582  -0.01166
   0.00362   0.00805   0.00000  -0.01166   0.04375
   occupation matrix (subspace #           8 , spin            1 )
   0.09582  -0.03009  -0.01138   0.03008  -0.00362
  -0.03009   0.09582   0.00882   0.03009  -0.00805
  -0.01138   0.00882   0.04375  -0.00256   0.00000
   0.03008   0.03009  -0.00256   0.09582  -0.01166
  -0.00362  -0.00805   0.00000  -0.01166   0.04375
   occupation matrix (subspace #           9 , spin            1 )
   0.10227  -0.03304   0.00000   0.00000   0.00000
  -0.03304   0.10916   0.00000   0.00000   0.00000
   0.00000   0.00000   0.04574  -0.01844   0.00419
   0.00000   0.00000  -0.01844   0.12867  -0.01149
   0.00000   0.00000   0.00419  -0.01149   0.04565
   occupation matrix (subspace #          10 , spin            1 )
   0.10227  -0.03303   0.00000   0.00000   0.00000
  -0.03303   0.10916   0.00000   0.00000   0.00000
   0.00000   0.00000   0.04574  -0.01844   0.00419
   0.00000   0.00000  -0.01844   0.12867  -0.01148
   0.00000   0.00000   0.00419  -0.01148   0.04565
   occupation matrix (subspace #          11 , spin            1 )
   0.10227   0.03304   0.00000   0.00000   0.00000
   0.03304   0.10916   0.00000   0.00000   0.00000
   0.00000   0.00000   0.04574   0.01844   0.00419
   0.00000   0.00000   0.01844   0.12867   0.01148
   0.00000   0.00000   0.00419   0.01148   0.04565
   occupation matrix (subspace #          12 , spin            1 )
   0.12867   0.00000  -0.01917   0.00000   0.01023
   0.00000   0.10227   0.00000   0.03304   0.00000
  -0.01917   0.00000   0.04930   0.00000  -0.00214
   0.00000   0.03304   0.00000   0.10916   0.00000
   0.01023   0.00000  -0.00214   0.00000   0.04209
   occupation matrix (subspace #          13 , spin            1 )
   0.12867   0.00000  -0.01917   0.00000   0.01023
   0.00000   0.10227   0.00000   0.03304   0.00000
  -0.01917   0.00000   0.04930   0.00000  -0.00214
   0.00000   0.03304   0.00000   0.10916   0.00000
   0.01023   0.00000  -0.00214   0.00000   0.04209
   occupation matrix (subspace #          14 , spin            1 )
   0.12867   0.00000   0.01917   0.00000  -0.01023
   0.00000   0.10227   0.00000  -0.03304   0.00000
   0.01917   0.00000   0.04930   0.00000  -0.00214
   0.00000  -0.03304   0.00000   0.10916   0.00000
  -0.01023   0.00000  -0.00214   0.00000   0.04209
   occupation matrix (subspace #          15 , spin            1 )
   0.10916   0.00000   0.00000   0.03303   0.00000
   0.00000   0.12867   0.00073   0.00000  -0.02172
   0.00000   0.00073   0.04204   0.00000  -0.00205
   0.03303   0.00000   0.00000   0.10227   0.00000
   0.00000  -0.02172  -0.00205   0.00000   0.04935
   occupation matrix (subspace #          16 , spin            1 )
   0.10916   0.00000   0.00000   0.03303   0.00000
   0.00000   0.12867   0.00073   0.00000  -0.02172
   0.00000   0.00073   0.04204   0.00000  -0.00205
   0.03303   0.00000   0.00000   0.10227   0.00000
   0.00000  -0.02172  -0.00205   0.00000   0.04935
   occupation matrix (subspace #          17 , spin            1 )
   0.10916   0.00000   0.00000  -0.03303   0.00000
   0.00000   0.12868  -0.00073   0.00000   0.02172
   0.00000  -0.00073   0.04204   0.00000  -0.00206
  -0.03303   0.00000   0.00000   0.10227   0.00000
   0.00000   0.02172  -0.00206   0.00000   0.04935
   occupation matrix (subspace #          18 , spin            1 )
   0.10227  -0.03303   0.00000   0.00000   0.00000
  -0.03303   0.10916   0.00000   0.00000   0.00000
   0.00000   0.00000   0.04574  -0.01844   0.00419
   0.00000   0.00000  -0.01844   0.12867  -0.01148
   0.00000   0.00000   0.00419  -0.01148   0.04565
   occupation matrix (subspace #          19 , spin            1 )
   0.10227  -0.03303   0.00000   0.00000   0.00000
  -0.03303   0.10916   0.00000   0.00000   0.00000
   0.00000   0.00000   0.04574  -0.01844   0.00419
   0.00000   0.00000  -0.01844   0.12867  -0.01149
   0.00000   0.00000   0.00419  -0.01149   0.04565
   occupation matrix (subspace #          20 , spin            1 )
   0.10227   0.03304   0.00000   0.00000   0.00000
   0.03304   0.10916   0.00000   0.00000   0.00000
   0.00000   0.00000   0.04574   0.01844   0.00419
   0.00000   0.00000   0.01844   0.12867   0.01148
   0.00000   0.00000   0.00419   0.01148   0.04565
   occupation matrix (subspace #          21 , spin            1 )
   0.12867   0.00000  -0.01917   0.00000   0.01023
   0.00000   0.10227   0.00000   0.03304   0.00000
  -0.01917   0.00000   0.04930   0.00000  -0.00214
   0.00000   0.03304   0.00000   0.10916   0.00000
   0.01023   0.00000  -0.00214   0.00000   0.04209
   occupation matrix (subspace #          22 , spin            1 )
   0.12867   0.00000  -0.01917   0.00000   0.01023
   0.00000   0.10227   0.00000   0.03304   0.00000
  -0.01917   0.00000   0.04930   0.00000  -0.00214
   0.00000   0.03304   0.00000   0.10916   0.00000
   0.01023   0.00000  -0.00214   0.00000   0.04209
   occupation matrix (subspace #          23 , spin            1 )
   0.12867   0.00000   0.01917   0.00000  -0.01023
   0.00000   0.10227   0.00000  -0.03304   0.00000
   0.01917   0.00000   0.04930   0.00000  -0.00214
   0.00000  -0.03304   0.00000   0.10916   0.00000
  -0.01023   0.00000  -0.00214   0.00000   0.04209
   occupation matrix (subspace #          24 , spin            1 )
   0.10916   0.00000   0.00000   0.03303   0.00000
   0.00000   0.12867   0.00073   0.00000  -0.02172
   0.00000   0.00073   0.04204   0.00000  -0.00205
   0.03303   0.00000   0.00000   0.10227   0.00000
   0.00000  -0.02172  -0.00205   0.00000   0.04935
   occupation matrix (subspace #          25 , spin            1 )
   0.10916   0.00000   0.00000   0.03303   0.00000
   0.00000   0.12867   0.00073   0.00000  -0.02172
   0.00000   0.00073   0.04204   0.00000  -0.00205
   0.03303   0.00000   0.00000   0.10227   0.00000
   0.00000  -0.02172  -0.00205   0.00000   0.04935
   occupation matrix (subspace #          26 , spin            1 )
   0.10916   0.00000   0.00000  -0.03303   0.00000
   0.00000   0.12867  -0.00073   0.00000   0.02172
   0.00000  -0.00073   0.04204   0.00000  -0.00206
  -0.03303   0.00000   0.00000   0.10227   0.00000
   0.00000   0.02172  -0.00206   0.00000   0.04935
   occupation matrix (subspace #          27 , spin            1 )
   0.10227   0.03304   0.00000   0.00000   0.00000
   0.03304   0.10916   0.00000   0.00000   0.00000
   0.00000   0.00000   0.04574   0.01844   0.00419
   0.00000   0.00000   0.01844   0.12867   0.01148
   0.00000   0.00000   0.00419   0.01148   0.04565
   occupation matrix (subspace #          28 , spin            1 )
   0.12867   0.00000   0.01917   0.00000  -0.01023
   0.00000   0.10227   0.00000  -0.03304   0.00000
   0.01917   0.00000   0.04930   0.00000  -0.00214
   0.00000  -0.03304   0.00000   0.10916   0.00000
  -0.01023   0.00000  -0.00214   0.00000   0.04209
   occupation matrix (subspace #          29 , spin            1 )
   0.10916   0.00000   0.00000  -0.03303   0.00000
   0.00000   0.12867  -0.00073   0.00000   0.02172
   0.00000  -0.00073   0.04204   0.00000  -0.00206
  -0.03303   0.00000   0.00000   0.10227   0.00000
   0.00000   0.02172  -0.00206   0.00000   0.04935
   occupation matrix (subspace #          30 , spin            1 )
   0.10227   0.03304   0.00000   0.00000   0.00000
   0.03304   0.10916   0.00000   0.00000   0.00000
   0.00000   0.00000   0.04574   0.01844   0.00419
   0.00000   0.00000   0.01844   0.12867   0.01148
   0.00000   0.00000   0.00419   0.01148   0.04565
   occupation matrix (subspace #          31 , spin            1 )
   0.12867   0.00000   0.01917   0.00000  -0.01023
   0.00000   0.10227   0.00000  -0.03304   0.00000
   0.01917   0.00000   0.04930   0.00000  -0.00214
   0.00000  -0.03304   0.00000   0.10916   0.00000
  -0.01023   0.00000  -0.00214   0.00000   0.04209
   occupation matrix (subspace #          32 , spin            1 )
   0.10916   0.00000   0.00000  -0.03303   0.00000
   0.00000   0.12868  -0.00073   0.00000   0.02172
   0.00000  -0.00073   0.04204   0.00000  -0.00205
  -0.03303   0.00000   0.00000   0.10227   0.00000
   0.00000   0.02172  -0.00205   0.00000   0.04935
   occupation matrix (subspace #          33 , spin            1 )
   1.64967   0.01060   0.00494
   0.01060   1.63312  -0.00923
   0.00494  -0.00923   1.65147
   occupation matrix (subspace #          34 , spin            1 )
   1.64967  -0.01060  -0.00494
  -0.01060   1.63312  -0.00923
  -0.00494  -0.00923   1.65147
   occupation matrix (subspace #          35 , spin            1 )
   1.64967  -0.01060   0.00494
  -0.01060   1.63312   0.00923
   0.00494   0.00923   1.65147
   occupation matrix (subspace #          36 , spin            1 )
   1.64967   0.01060  -0.00494
   0.01060   1.63312   0.00923
  -0.00494   0.00923   1.65147
   occupation matrix (subspace #          37 , spin            1 )
   1.65147  -0.00494  -0.00923
  -0.00494   1.64967  -0.01060
  -0.00923  -0.01060   1.63311
   occupation matrix (subspace #          38 , spin            1 )
   1.65147   0.00495  -0.00923
   0.00495   1.64967   0.01060
  -0.00923   0.01060   1.63311
   occupation matrix (subspace #          39 , spin            1 )
   1.65148  -0.00495   0.00923
  -0.00495   1.64967   0.01060
   0.00923   0.01060   1.63311
   occupation matrix (subspace #          40 , spin            1 )
   1.65147   0.00494   0.00924
   0.00494   1.64967  -0.01060
   0.00924  -0.01060   1.63311
   occupation matrix (subspace #          41 , spin            1 )
   1.63311   0.00923  -0.01060
   0.00923   1.65147   0.00494
  -0.01060   0.00494   1.64966
   occupation matrix (subspace #          42 , spin            1 )
   1.63312   0.00923   0.01060
   0.00923   1.65147  -0.00494
   0.01060  -0.00494   1.64967
   occupation matrix (subspace #          43 , spin            1 )
   1.63311  -0.00923   0.01060
  -0.00923   1.65147   0.00494
   0.01060   0.00494   1.64967
   occupation matrix (subspace #          44 , spin            1 )
   1.63312  -0.00923  -0.01060
  -0.00923   1.65147  -0.00494
  -0.01060  -0.00494   1.64967
   occupation matrix (subspace #          45 , spin            1 )
   1.64967   0.01060   0.00494
   0.01060   1.63312  -0.00923
   0.00494  -0.00923   1.65147
   occupation matrix (subspace #          46 , spin            1 )
   1.64967  -0.01060  -0.00494
  -0.01060   1.63312  -0.00923
  -0.00494  -0.00923   1.65147
   occupation matrix (subspace #          47 , spin            1 )
   1.64967  -0.01060   0.00494
  -0.01060   1.63312   0.00923
   0.00494   0.00923   1.65147
   occupation matrix (subspace #          48 , spin            1 )
   1.64967   0.01060  -0.00494
   0.01060   1.63312   0.00923
  -0.00494   0.00923   1.65147
   occupation matrix (subspace #          49 , spin            1 )
   1.65147  -0.00494  -0.00924
  -0.00494   1.64967  -0.01060
  -0.00924  -0.01060   1.63311
   occupation matrix (subspace #          50 , spin            1 )
   1.65147   0.00494  -0.00923
   0.00494   1.64967   0.01060
  -0.00923   0.01060   1.63311
   occupation matrix (subspace #          51 , spin            1 )
   1.65147  -0.00494   0.00923
  -0.00494   1.64967   0.01060
   0.00923   0.01060   1.63311
   occupation matrix (subspace #          52 , spin            1 )
   1.65147   0.00494   0.00923
   0.00494   1.64967  -0.01060
   0.00923  -0.01060   1.63311
   occupation matrix (subspace #          53 , spin            1 )
   1.63312   0.00923  -0.01060
   0.00923   1.65147   0.00494
  -0.01060   0.00494   1.64967
   occupation matrix (subspace #          54 , spin            1 )
   1.63311   0.00923   0.01060
   0.00923   1.65147  -0.00494
   0.01060  -0.00494   1.64967
   occupation matrix (subspace #          55 , spin            1 )
   1.63312  -0.00923   0.01060
  -0.00923   1.65147   0.00494
   0.01060   0.00494   1.64967
   occupation matrix (subspace #          56 , spin            1 )
   1.63311  -0.00923  -0.01060
  -0.00923   1.65147  -0.00494
  -0.01060  -0.00494   1.64967
   occupation matrix (subspace #          57 , spin            1 )
   1.64967   0.01060   0.00494
   0.01060   1.63312  -0.00923
   0.00494  -0.00923   1.65147
   occupation matrix (subspace #          58 , spin            1 )
   1.64967  -0.01060  -0.00494
  -0.01060   1.63312  -0.00923
  -0.00494  -0.00923   1.65147
   occupation matrix (subspace #          59 , spin            1 )
   1.64967  -0.01060   0.00494
  -0.01060   1.63312   0.00923
   0.00494   0.00923   1.65147
   occupation matrix (subspace #          60 , spin            1 )
   1.64967   0.01060  -0.00494
   0.01060   1.63312   0.00923
  -0.00494   0.00923   1.65147
   occupation matrix (subspace #          61 , spin            1 )
   1.65147  -0.00494  -0.00923
  -0.00494   1.64967  -0.01060
  -0.00923  -0.01060   1.63311
   occupation matrix (subspace #          62 , spin            1 )
   1.65147   0.00494  -0.00923
   0.00494   1.64967   0.01060
  -0.00923   0.01060   1.63311
   occupation matrix (subspace #          63 , spin            1 )
   1.65147  -0.00494   0.00923
  -0.00494   1.64967   0.01060
   0.00923   0.01060   1.63311
   occupation matrix (subspace #          64 , spin            1 )
   1.65147   0.00494   0.00924
   0.00494   1.64967  -0.01060
   0.00924  -0.01060   1.63311
   occupation matrix (subspace #          65 , spin            1 )
   1.63311   0.00923  -0.01060
   0.00923   1.65147   0.00494
  -0.01060   0.00494   1.64966
   occupation matrix (subspace #          66 , spin            1 )
   1.63312   0.00923   0.01060
   0.00923   1.65147  -0.00494
   0.01060  -0.00494   1.64966
   occupation matrix (subspace #          67 , spin            1 )
   1.63311  -0.00923   0.01060
  -0.00923   1.65147   0.00494
   0.01060   0.00494   1.64967
   occupation matrix (subspace #          68 , spin            1 )
   1.63312  -0.00923  -0.01060
  -0.00923   1.65147  -0.00494
  -0.01060  -0.00494   1.64967
   occupation matrix (subspace #          69 , spin            1 )
   1.64967   0.01060   0.00494
   0.01060   1.63312  -0.00923
   0.00494  -0.00923   1.65147
   occupation matrix (subspace #          70 , spin            1 )
   1.64967  -0.01060  -0.00494
  -0.01060   1.63312  -0.00923
  -0.00494  -0.00923   1.65147
   occupation matrix (subspace #          71 , spin            1 )
   1.64967  -0.01060   0.00494
  -0.01060   1.63312   0.00923
   0.00494   0.00923   1.65147
   occupation matrix (subspace #          72 , spin            1 )
   1.64967   0.01060  -0.00494
   0.01060   1.63312   0.00923
  -0.00494   0.00923   1.65147
   occupation matrix (subspace #          73 , spin            1 )
   1.65147  -0.00494  -0.00924
  -0.00494   1.64967  -0.01060
  -0.00924  -0.01060   1.63311
   occupation matrix (subspace #          74 , spin            1 )
   1.65147   0.00494  -0.00923
   0.00494   1.64967   0.01060
  -0.00923   0.01060   1.63311
   occupation matrix (subspace #          75 , spin            1 )
   1.65147  -0.00495   0.00923
  -0.00495   1.64967   0.01060
   0.00923   0.01060   1.63311
   occupation matrix (subspace #          76 , spin            1 )
   1.65147   0.00494   0.00923
   0.00494   1.64967  -0.01060
   0.00923  -0.01060   1.63311
   occupation matrix (subspace #          77 , spin            1 )
   1.63312   0.00923  -0.01060
   0.00923   1.65147   0.00494
  -0.01060   0.00494   1.64966
   occupation matrix (subspace #          78 , spin            1 )
   1.63311   0.00923   0.01060
   0.00923   1.65147  -0.00494
   0.01060  -0.00494   1.64966
   occupation matrix (subspace #          79 , spin            1 )
   1.63312  -0.00923   0.01060
  -0.00923   1.65147   0.00494
   0.01060   0.00494   1.64967
   occupation matrix (subspace #          80 , spin            1 )
   1.63311  -0.00923  -0.01060
  -0.00923   1.65147  -0.00494
  -0.01060  -0.00494   1.64967
