   occupation matrix (subspace #           1 , spin            1 )
   0.55132   0.00000  -0.02846   0.00000  -0.00192
   0.00000   0.51630   0.00000  -0.02982   0.00000
  -0.02846   0.00000   0.49655   0.00000   0.01878
   0.00000  -0.02982   0.00000   0.47789   0.00000
  -0.00192   0.00000   0.01878   0.00000   0.54938
   occupation matrix (subspace #           2 , spin            1 )
   0.55132   0.00000   0.02846   0.00000   0.00192
   0.00000   0.51629   0.00000   0.02982   0.00000
   0.02846   0.00000   0.49655   0.00000   0.01878
   0.00000   0.02982   0.00000   0.47789   0.00000
   0.00192   0.00000   0.01878   0.00000   0.54938
   occupation matrix (subspace #           3 , spin            1 )
   0.55132   0.00000  -0.02846   0.00000  -0.00192
   0.00000   0.51629   0.00000  -0.02982   0.00000
  -0.02846   0.00000   0.49655   0.00000   0.01878
   0.00000  -0.02982   0.00000   0.47789   0.00000
  -0.00192   0.00000   0.01878   0.00000   0.54938
   occupation matrix (subspace #           4 , spin            1 )
   0.55132   0.00000   0.02846   0.00000   0.00192
   0.00000   0.51630   0.00000   0.02982   0.00000
   0.02846   0.00000   0.49655   0.00000   0.01878
   0.00000   0.02982   0.00000   0.47789   0.00000
   0.00192   0.00000   0.01878   0.00000   0.54938
   occupation matrix (subspace #           5 , spin            1 )
   1.66660   0.00000   0.02654
   0.00000   1.35662   0.00000
   0.02654   0.00000   1.72641
   occupation matrix (subspace #           6 , spin            1 )
   1.66660   0.00000  -0.02655
   0.00000   1.35662   0.00000
  -0.02655   0.00000   1.72641
   occupation matrix (subspace #           7 , spin            1 )
   1.66660   0.00000   0.02655
   0.00000   1.35662   0.00000
   0.02655   0.00000   1.72641
   occupation matrix (subspace #           8 , spin            1 )
   1.66660   0.00000  -0.02654
   0.00000   1.35662   0.00000
  -0.02654   0.00000   1.72641
   occupation matrix (subspace #           9 , spin            1 )
   1.59644   0.00000   0.02523
   0.00000   1.41158   0.00000
   0.02523   0.00000   1.33484
   occupation matrix (subspace #          10 , spin            1 )
   1.59644   0.00000  -0.02523
   0.00000   1.41158   0.00000
  -0.02523   0.00000   1.33484
   occupation matrix (subspace #          11 , spin            1 )
   1.59644   0.00000   0.02523
   0.00000   1.41158   0.00000
   0.02523   0.00000   1.33484
   occupation matrix (subspace #          12 , spin            1 )
   1.59644   0.00000  -0.02523
   0.00000   1.41158   0.00000
  -0.02523   0.00000   1.33484
   occupation matrix (subspace #          13 , spin            1 )
   1.35933   0.00000   0.01349
   0.00000   1.28327   0.00000
   0.01349   0.00000   1.42694
   occupation matrix (subspace #          14 , spin            1 )
   1.35933   0.00000  -0.01349
   0.00000   1.28327   0.00000
  -0.01349   0.00000   1.42694
   occupation matrix (subspace #          15 , spin            1 )
   1.35932   0.00000   0.01349
   0.00000   1.28327   0.00000
   0.01349   0.00000   1.42694
   occupation matrix (subspace #          16 , spin            1 )
   1.35933   0.00000  -0.01349
   0.00000   1.28327   0.00000
  -0.01349   0.00000   1.42694
