Support	U	c1	c2	DFT_x1	DFT_x2	DFT_x3	DFT_x4	DFT_x5	DFT_x6	DFT_x7	DFT_p1	DFT_p2	DFT_p3	DFT+U_x1	DFT+U_x2	DFT+U_x3	DFT+U_x4	DFT+U_x5	DFT+U_x6	DFT+U_x7	DFT+U_p1	DFT+U_p2	DFT+U_p3	SISSO_x1	SISSO_x2	SISSO_x3	SISSO_x4	SISSO_x5	SISSO_x6	SISSO_x7	SISSO_p1	SISSO_p2	SISSO_p3	R	EN	QN	Subshell	Ion_OE	Auxiliary_type	Auxiliary_zval
a-TiO2	0	1	0	0.18052	0.16199	0.35026	0.16199	0.3281	0	0	1.63806	1.63847	1.638065	0.18052	0.16199	0.35026	0.16199	0.3281	0	0	1.63806	1.63847	1.638065	0.160335386	0.169720753	0.357439182	0.153397013	0.301976041	-9.35036E-07	-1.27976E-06	1.567048733	1.637464785	1.644817704	147	1.54	3	5	0	2	2.7
a-TiO2	1	1	0	0.18052	0.16199	0.35026	0.16199	0.3281	0	0	1.63806	1.63847	1.638065	0.16482	0.14491	0.31814	0.14491	0.28247	0	0	1.69249	1.67021	1.69249	0.145551029	0.157494215	0.314865574	0.152958248	0.272089924	-9.35036E-07	-1.27976E-06	1.698506461	1.702880351	1.681655787	147	1.54	3	5	0	2	2.7
a-TiO2	2	1	0	0.18052	0.16199	0.35026	0.16199	0.3281	0	0	1.63806	1.63847	1.638065	0.15035	0.12959	0.27751	0.12959	0.2304	0	0	1.754265	1.711	1.75427	0.130766672	0.144596374	0.272860257	0.149886888	0.242203807	-9.35036E-07	-1.27976E-06	1.753130005	1.734650764	1.734548028	147	1.54	3	5	0	2	2.7
a-TiO2	3	1	0	0.18052	0.16199	0.35026	0.16199	0.3281	0	0	1.63806	1.63847	1.638065	0.13688	0.11598	0.23323	0.11598	0.18273	0	0	1.818305	1.75838	1.81831	0.115982314	0.129301022	0.232884549	0.141550342	0.21231769	-9.35036E-07	-1.27976E-06	1.79305904	1.750910094	1.785572002	147	1.54	3	5	0	2	2.7
a-TiO2	4	1	0	0.18052	0.16199	0.35026	0.16199	0.3281	0	0	1.63806	1.63847	1.638065	0.12414	0.10384	0.19234	0.10384	0.14525	0	0	1.87939	1.806985	1.87939	0.101197957	0.108731145	0.197373985	0.125316016	0.182431573	-9.35036E-07	-1.27976E-06	1.824745771	1.759277899	1.834836633	147	1.54	3	5	0	2	2.7
a-TiO2	5	1	0	0.18052	0.16199	0.35026	0.16199	0.3281	0	0	1.63806	1.63847	1.638065	0.1121	0.09299	0.15853	0.09299	0.11741	0	0	1.935145	1.8527	1.93515	0.0864136	0.078858925	0.169738309	0.098551315	0.152545456	-9.35036E-07	-1.27976E-06	1.851950543	1.763610032	1.882484406	147	1.54	3	5	0	2	2.7
a-TiO2	6	1	0	0.18052	0.16199	0.35026	0.16199	0.3281	0	0	1.63806	1.63847	1.638065	0.10091	0.08333	0.13185	0.08333	0.09676	0	0	1.985215	1.893885	1.98522	0.071629243	0.034505738	0.154361479	0.058623647	0.122659339	-9.35036E-07	-1.27976E-06	1.877510337	1.766119942	1.928625629	147	1.54	3	5	0	2	2.7
a-TiO2	0.5	1	0	0.18052	0.16199	0.35026	0.16199	0.3281	0	0	1.63806	1.63847	1.638065	0.17261	0.15323	0.33529	0.15323	0.30667	0	0	1.664165	1.653135	1.66417	0.152943207	0.163628462	0.336134619	0.153342167	0.287032982	-9.35036E-07	-1.27976E-06	1.656303729	1.676362031	1.654733261	147	1.54	3	5	0	2	2.7
a-TiO2	1	1	0	0.18052	0.16199	0.35026	0.16199	0.3281	0	0	1.63806	1.63847	1.638065	0.1651	0.14489	0.31795	0.14488	0.28255	0	0	1.692485	1.6702	1.69249	0.145551029	0.157494215	0.314865574	0.152958248	0.272089924	-9.35036E-07	-1.27976E-06	1.698506461	1.702880351	1.681655787	147	1.54	3	5	0	2	2.7
a-TiO2	1.5	1	0	0.18052	0.16199	0.35026	0.16199	0.3281	0	0	1.63806	1.63847	1.638065	0.15791	0.137	0.29842	0.13699	0.25664	0	0	1.722705	1.68952	1.72271	0.13815885	0.151210124	0.29372338	0.151916179	0.257146865	-9.35036E-07	-1.27976E-06	1.720461662	1.721447198	1.708331457	147	1.54	3	5	0	2	2.7
a-TiO2	2	1	0	0.18052	0.16199	0.35026	0.16199	0.3281	0	0	1.63806	1.63847	1.638065	0.151	0.12957	0.27719	0.12956	0.23043	0	0	1.754265	1.711	1.75427	0.130766672	0.144596374	0.272860257	0.149886888	0.242203807	-9.35036E-07	-1.27976E-06	1.753130005	1.734650764	1.734548028	147	1.54	3	5	0	2	2.7
a-TiO2	2.5	1	0	0.18052	0.16199	0.35026	0.16199	0.3281	0	0	1.63806	1.63847	1.638065	0.14434	0.12258	0.25507	0.12258	0.2054	0	0	1.786385	1.73419	1.78639	0.123374493	0.137401228	0.252489314	0.146541301	0.227260748	-9.35036E-07	-1.27976E-06	1.765985921	1.744113418	1.760289804	147	1.54	3	5	0	2	2.7
a-TiO2	3	1	0	0.18052	0.16199	0.35026	0.16199	0.3281	0	0	1.63806	1.63847	1.638065	0.13788	0.11599	0.23303	0.11599	0.18258	0	0	1.818305	1.75838	1.81831	0.115982314	0.129301022	0.232884549	0.141550342	0.21231769	-9.35036E-07	-1.27976E-06	1.79305904	1.750910094	1.785572002	147	1.54	3	5	0	2	2.7
a-TiO2	0.5	1	-0.1	0.18052	0.16199	0.35026	0.16199	0.3281	0	0	1.63806	1.63847	1.638065	0.17724	0.15766	0.34636	0.15766	0.31974	0	0	1.65699	1.648375	1.65699	0.159895705	0.163627906	0.354597737	0.15331816	0.300896617	-9.35036E-07	-1.27976E-06	1.651105149	1.581093946	1.649237394	147	1.54	3	5	0	2	2.7
a-TiO2	1	1	-0.1	0.18052	0.16199	0.35026	0.16199	0.3281	0	0	1.63806	1.63847	1.638065	0.17096	0.15097	0.33707	0.15096	0.30541	0	0	1.67716	1.659365	1.67716	0.159456024	0.157485321	0.333335759	0.152947637	0.287375551	-9.35036E-07	-1.27976E-06	1.686883721	1.607612266	1.670243923	147	1.54	3	5	0	2	2.7
a-TiO2	1.5	1	-0.1	0.18052	0.16199	0.35026	0.16199	0.3281	0	0	1.63806	1.63847	1.638065	0.16484	0.1445	0.3266	0.1445	0.28952	0	0	1.698655	1.67159	1.698655	0.159016343	0.151165097	0.312224189	0.151927861	0.273854464	-9.35036E-07	-1.27976E-06	1.702414762	1.626179113	1.691003594	147	1.54	3	5	0	2	2.7
a-TiO2	2	1	-0.1	0.18052	0.16199	0.35026	0.16199	0.3281	0	0	1.63806	1.63847	1.638065	0.15891	0.13829	0.31482	0.13829	0.27222	0	0	1.72151	1.68521	1.721515	0.158576662	0.144454069	0.291443518	0.149937015	0.26033331	-9.35036E-07	-1.27976E-06	1.728658946	1.63938268	1.711304167	147	1.54	3	5	0	2	2.7
a-TiO2	2.5	1	-0.1	0.18052	0.16199	0.35026	0.16199	0.3281	0	0	1.63806	1.63847	1.638065	0.15318	0.13235	0.30168	0.13235	0.25384	0	0	1.745695	1.70035	1.745695	0.158136982	0.137053803	0.27124643	0.146652437	0.246811622	-9.35036E-07	-1.27976E-06	1.735090701	1.648845333	1.731129945	147	1.54	3	5	0	2	2.7
a-TiO2	3	1	-0.1	0.18052	0.16199	0.35026	0.16199	0.3281	0	0	1.63806	1.63847	1.638065	0.1475	0.12668	0.28729	0.12668	0.23485	0	0	1.771105	1.71726	1.771105	0.157697301	0.128580601	0.251957809	0.141751166	0.233292238	-9.35036E-07	-1.27976E-06	1.75573966	1.65564201	1.750496145	147	1.54	3	5	0	2	2.7
a-TiO2	0.5	1	-0.2	0.18052	0.16199	0.35026	0.16199	0.3281	0	0	1.63806	1.63847	1.638065	0.18148	0.16157	0.35571	0.16157	0.3308	0	0	1.6501	1.643875	1.650105	0.161702805	0.163627107	0.372160635	0.152944414	0.31421649	-9.35036E-07	-1.27976E-06	1.645906569	1.585020494	1.64458179	147	1.54	3	5	0	2	2.7
a-TiO2	1	1	-0.2	0.18052	0.16199	0.35026	0.16199	0.3281	0	0	1.63806	1.63847	1.638065	0.17617	0.15606	0.35208	0.15606	0.32384	0	0	1.66271	1.649665	1.662715	0.163070225	0.157472534	0.350908948	0.152679452	0.301981934	-9.35036E-07	-1.27976E-06	1.675260981	1.611538815	1.659672321	147	1.54	3	5	0	2	2.7
a-TiO2	1.5	1	-0.2	0.18052	0.16199	0.35026	0.16199	0.3281	0	0	1.63806	1.63847	1.638065	0.1709	0.15064	0.34806	0.15064	0.31611	0	0	1.675945	1.655895	1.675955	0.164437645	0.151100366	0.329841972	0.151735103	0.289747204	-9.35036E-07	-1.27976E-06	1.684367863	1.630105661	1.674515994	147	1.54	3	5	0	2	2.7
a-TiO2	2	1	-0.2	0.18052	0.16199	0.35026	0.16199	0.3281	0	0	1.63806	1.63847	1.638065	0.16569	0.14534	0.34357	0.14534	0.30748	0	0	1.6899	1.66265	1.689905	0.165805064	0.144249485	0.309181361	0.149816634	0.277511932	-9.35036E-07	-1.27976E-06	1.704187886	1.643309228	1.688900569	147	1.54	3	5	0	2	2.7
a-TiO2	2.5	1	-0.2	0.18052	0.16199	0.35026	0.16199	0.3281	0	0	1.63806	1.63847	1.638065	0.16058	0.14018	0.33852	0.14018	0.29786	0	0	1.70465	1.67001	1.704655	0.167172484	0.136554331	0.28923743	0.146615817	0.2652724	-9.35036E-07	-1.27976E-06	1.704195482	1.652771881	1.702810349	147	1.54	3	5	0	2	2.7
a-TiO2	3	1	-0.2	0.18052	0.16199	0.35026	0.16199	0.3281	0	0	1.63806	1.63847	1.638065	0.15546	0.13519	0.33291	0.13519	0.28711	0	0	1.720375	1.67823	1.72038	0.168539904	0.127544896	0.270409154	0.141819596	0.253051294	-9.35036E-07	-1.27976E-06	1.718420281	1.659568558	1.716260551	147	1.54	3	5	0	2	2.7
a-TiO2	0.5	1	-0.3	0.18052	0.16199	0.35026	0.16199	0.3281	0	0	1.63806	1.63847	1.638065	0.18523	0.16496	0.36361	0.16496	0.33999	0	0	1.64349	1.63967	1.64349	0.162970444	0.163625877	0.38886742	0.151321691	0.327018301	-9.35036E-07	-1.27976E-06	1.640707989	1.582171382	1.64076645	147	1.54	3	5	0	2	2.7
a-TiO2	1	1	-0.3	0.18052	0.16199	0.35026	0.16199	0.3281	0	0	1.63806	1.63847	1.638065	0.18041	0.16014	0.3637	0.16014	0.33805	0	0	1.649025	1.6409	1.649025	0.165605502	0.157452847	0.367632105	0.151492064	0.31594749	-9.35036E-07	-1.27976E-06	1.663638241	1.608689703	1.649940982	147	1.54	3	5	0	2	2.7
a-TiO2	1.5	1	-0.3	0.18052	0.16199	0.35026	0.16199	0.3281	0	0	1.63806	1.63847	1.638065	0.17555	0.15535	0.3638	0.15535	0.33592	0	0	1.654675	1.64216	1.654675	0.168240561	0.151000697	0.346636073	0.150814592	0.304876088	-9.35036E-07	-1.27976E-06	1.666320963	1.627256549	1.658868658	147	1.54	3	5	0	2	2.7
a-TiO2	2	1	-0.3	0.18052	0.16199	0.35026	0.16199	0.3281	0	0	1.63806	1.63847	1.638065	0.17068	0.1506	0.3639	0.1506	0.33356	0	0	1.66044	1.643465	1.66044	0.170875619	0.143934483	0.326166465	0.149092971	0.293802859	-9.35036E-07	-1.27976E-06	1.679716827	1.640460116	1.667337234	147	1.54	3	5	0	2	2.7
a-TiO2	2.5	1	-0.3	0.18052	0.16199	0.35026	0.16199	0.3281	0	0	1.63806	1.63847	1.638065	0.16579	0.14592	0.36401	0.14592	0.33091	0	0	1.66633	1.64482	1.666335	0.173510677	0.135785282	0.306625278	0.146062575	0.282715249	-9.35036E-07	-1.27976E-06	1.673300262	1.649922769	1.675331016	147	1.54	3	5	0	2	2.7
a-TiO2	3	1	-0.3	0.18052	0.16199	0.35026	0.16199	0.3281	0	0	1.63806	1.63847	1.638065	0.16093	0.14131	0.36411	0.14131	0.32792	0	0	1.67237	1.646245	1.672375	0.176145736	0.125950197	0.288529364	0.141434336	0.271689829	-9.35036E-07	-1.27976E-06	1.681100902	1.656719446	1.68286522	147	1.54	3	5	0	2	2.7
a-TiO2	0.5	1	-0.4	0.18052	0.16199	0.35026	0.16199	0.3281	0	0	1.63806	1.63847	1.638065	0.18848	0.16781	0.37022	0.16781	0.34749	0	0	1.63709	1.635695	1.63709	0.163979609	0.163623768	0.404760373	0.14695126	0.339326086	-9.35036E-07	-1.27976E-06	1.63550941	1.574463218	1.637791372	147	1.54	3	5	0	2	2.7
a-TiO2	1	1	-0.4	0.18052	0.16199	0.35026	0.16199	0.3281	0	0	1.63806	1.63847	1.638065	0.18365	0.16315	0.37242	0.16315	0.34849	0	0	1.635865	1.6328	1.63587	0.167623833	0.157419116	0.383555161	0.148282751	0.329307746	-9.35036E-07	-1.27976E-06	1.652015502	1.600981539	1.641049906	147	1.54	3	5	0	2	2.7
a-TiO2	1.5	1	-0.4	0.18052	0.16199	0.35026	0.16199	0.3281	0	0	1.63806	1.63847	1.638065	0.17875	0.15852	0.37479	0.15852	0.34961	0	0	1.634365	1.62979	1.634365	0.171268057	0.150829936	0.362689573	0.148294107	0.319288004	-9.35036E-07	-1.27976E-06	1.648274063	1.619548386	1.644061584	147	1.54	3	5	0	2	2.7
a-TiO2	2	1	-0.4	0.18052	0.16199	0.35026	0.16199	0.3281	0	0	1.63806	1.63847	1.638065	0.17379	0.15393	0.37734	0.15393	0.35083	0	0	1.632555	1.62667	1.632555	0.17491228	0.143394793	0.342571159	0.147044654	0.309263932	-9.35036E-07	-1.27976E-06	1.655245767	1.632751952	1.646614162	147	1.54	3	5	0	2	2.7
a-TiO2	2.5	1	-0.4	0.18052	0.16199	0.35026	0.16199	0.3281	0	0	1.63806	1.63847	1.638065	0.16879	0.1494	0.38006	0.1494	0.35216	0	0	1.630405	1.62346	1.630405	0.178556504	0.134467681	0.32377049	0.144377776	0.299205771	-9.35036E-07	-1.27976E-06	1.642405043	1.642214606	1.648691946	147	1.54	3	5	0	2	2.7
a-TiO2	3	1	-0.4	0.18052	0.16199	0.35026	0.16199	0.3281	0	0	1.63806	1.63847	1.638065	0.16377	0.14495	0.38294	0.14495	0.35359	0	0	1.62789	1.62016	1.627895	0.182200728	0.123218017	0.307021155	0.140059617	0.289295024	-9.35036E-07	-1.27976E-06	1.643781522	1.649011282	1.650310151	147	1.54	3	5	0	2	2.7
a-TiO2	0.5	1	-0.5	0.18052	0.16199	0.35026	0.16199	0.3281	0	0	1.63806	1.63847	1.638065	0.19121	0.17011	0.37568	0.17011	0.35344	0	0	1.630845	1.631895	1.63085	0.164831811	0.163619405	0.419881215	0.137734896	0.351162348	-9.35036E-07	-1.27976E-06	1.63031083	1.558423672	1.635656557	147	1.54	3	5	0	2	2.7
a-TiO2	1	1	-0.5	0.18052	0.16199	0.35026	0.16199	0.3281	0	0	1.63806	1.63847	1.638065	0.18584	0.16505	0.37862	0.16505	0.35554	0	0	1.622945	1.6251	1.622945	0.169328236	0.1573493	0.398749583	0.141507694	0.342095589	-9.35036E-07	-1.27976E-06	1.640392762	1.584941993	1.632999093	147	1.54	3	5	0	2	2.7
a-TiO2	1.5	1	-0.5	0.18052	0.16199	0.35026	0.16199	0.3281	0	0	1.63806	1.63847	1.638065	0.1804	0.16007	0.38179	0.16006	0.35788	0	0	1.614315	1.61812	1.61432	0.173824662	0.15047649	0.378202846	0.142952521	0.33302609	-9.35036E-07	-1.27976E-06	1.630227164	1.603508839	1.630094773	147	1.54	3	5	0	2	2.7
a-TiO2	2	1	-0.5	0.18052	0.16199	0.35026	0.16199	0.3281	0	0	1.63806	1.63847	1.638065	0.1749	0.15518	0.38516	0.15517	0.36047	0	0	1.604905	1.61099	1.604905	0.178321087	0.142277729	0.358942876	0.142661712	0.323948134	-9.35036E-07	-1.27976E-06	1.630774708	1.616712406	1.626731353	147	1.54	3	5	0	2	2.7
a-TiO2	2.5	1	-0.5	0.18052	0.16199	0.35026	0.16199	0.3281	0	0	1.63806	1.63847	1.638065	0.16939	0.15042	0.3887	0.15042	0.36328	0	0	1.594655	1.60375	1.594655	0.182817512	0.131740474	0.341952297	0.140700416	0.314803599	-9.35036E-07	-1.27976E-06	1.611509823	1.626175059	1.622893139	147	1.54	3	5	0	2	2.7
a-TiO2	3	1	-0.5	0.18052	0.16199	0.35026	0.16199	0.3281	0	0	1.63806	1.63847	1.638065	0.16389	0.14583	0.39239	0.14583	0.3663	0	0	1.583505	1.59645	1.583505	0.187313938	0.117562882	0.328494479	0.136945198	0.305946983	-9.35036E-07	-1.27976E-06	1.606462143	1.632971736	1.618595346	147	1.54	3	5	0	2	2.7
a-TiO2	0.5	0.9	-0.1	0.18052	0.16199	0.35026	0.16199	0.3281	0	0	1.63806	1.63847	1.638065	0.14474	0.12894	0.27951	0.12894	0.25872	0	0	1.655795	1.649135	1.655805	0.125131017	0.126602241	0.27960894	0.116106581	0.241019186	-9.35036E-07	-1.27976E-06	1.651105149	1.581093946	1.645264704	147	1.54	3	5	0	2	2.7
a-TiO2	1	0.9	-0.1	0.18052	0.16199	0.35026	0.16199	0.3281	0	0	1.63806	1.63847	1.638065	0.14054	0.12449	0.27093	0.12449	0.24717	0	0	1.674235	1.66052	1.67424	0.124691336	0.120468005	0.26300168	0.115736967	0.230456383	-9.35036E-07	-1.27976E-06	1.686883721	1.607612266	1.662298543	147	1.54	3	5	0	2	2.7
a-TiO2	1.5	0.9	-0.1	0.18052	0.16199	0.35026	0.16199	0.3281	0	0	1.63806	1.63847	1.638065	0.13643	0.12018	0.26189	0.12018	0.23516	0	0	1.69335	1.672645	1.693355	0.124251655	0.114183964	0.246521271	0.114717582	0.219893543	-9.35036E-07	-1.27976E-06	1.702414762	1.626179113	1.679085524	147	1.54	3	5	0	2	2.7
a-TiO2	2	0.9	-0.1	0.18052	0.16199	0.35026	0.16199	0.3281	0	0	1.63806	1.63847	1.638065	0.13242	0.11602	0.2524	0.11602	0.22282	0	0	1.713125	1.68553	1.71313	0.123811974	0.107570352	0.230319933	0.112726938	0.209330545	-9.35036E-07	-1.27976E-06	1.728658946	1.63938268	1.695413407	147	1.54	3	5	0	2	2.7
a-TiO2	2.5	0.9	-0.1	0.18052	0.16199	0.35026	0.16199	0.3281	0	0	1.63806	1.63847	1.638065	0.12851	0.11199	0.24252	0.11199	0.2103	0	0	1.733495	1.699165	1.733495	0.123372294	0.100375495	0.214610775	0.10944248	0.198773257	-9.35036E-07	-1.27976E-06	1.735090701	1.648845333	1.711266495	147	1.54	3	5	0	2	2.7
a-TiO2	3	0.9	-0.1	0.18052	0.16199	0.35026	0.16199	0.3281	0	0	1.63806	1.63847	1.638065	0.12469	0.1081	0.2323	0.1081	0.19775	0	0	1.754395	1.71353	1.754395	0.122932613	0.092275814	0.199667796	0.104541285	0.188205829	-9.35036E-07	-1.27976E-06	1.75573966	1.65564201	1.726660005	147	1.54	3	5	0	2	2.7
a-TiO2	0.5	0.9	-0.5	0.18052	0.16199	0.35026	0.16199	0.3281	0	0	1.63806	1.63847	1.638065	0.15681	0.13957	0.30496	0.13957	0.28753	0	0	1.62694	1.6292	1.626945	0.130067123	0.126597843	0.344887985	0.099317234	0.290308134	-9.35036E-07	-1.27976E-06	1.63031083	1.558423672	1.631683867	147	1.54	3	5	0	2	2.7
a-TiO2	1	0.9	-0.5	0.18052	0.16199	0.35026	0.16199	0.3281	0	0	1.63806	1.63847	1.638065	0.15299	0.13605	0.30576	0.13605	0.28821	0	0	1.61467	1.6193	1.614675	0.134563548	0.120397648	0.328344557	0.103657168	0.283223253	-9.35036E-07	-1.27976E-06	1.640392762	1.584941993	1.625053714	147	1.54	3	5	0	2	2.7
a-TiO2	1.5	0.9	-0.5	0.18052	0.16199	0.35026	0.16199	0.3281	0	0	1.63806	1.63847	1.638065	0.14918	0.13262	0.30669	0.13262	0.28918	0	0	1.60112	1.608725	1.60112	0.139059974	0.113827782	0.312140754	0.105346509	0.276133738	-9.35036E-07	-1.27976E-06	1.630227164	1.603508839	1.618176703	147	1.54	3	5	0	2	2.7
a-TiO2	2	0.9	-0.5	0.18052	0.16199	0.35026	0.16199	0.3281	0	0	1.63806	1.63847	1.638065	0.14538	0.12929	0.30776	0.12929	0.29047	0	0	1.58616	1.59744	1.58616	0.143556399	0.106444638	0.296684125	0.105182925	0.269024468	-9.35036E-07	-1.27976E-06	1.630774708	1.616712406	1.610840594	147	1.54	3	5	0	2	2.7
a-TiO2	2.5	0.9	-0.5	0.18052	0.16199	0.35026	0.16199	0.3281	0	0	1.63806	1.63847	1.638065	0.1416	0.12607	0.30897	0.12607	0.29216	0	0	1.569655	1.5854	1.569655	0.148052824	0.09762717	0.282545241	0.103296147	0.262628996	-9.35036E-07	-1.27976E-06	1.611509823	1.626175059	1.603029689	147	1.54	3	5	0	2	2.7
a-TiO2	3	0.9	-0.5	0.18052	0.16199	0.35026	0.16199	0.3281	0	0	1.63806	1.63847	1.638065	0.13786	0.12297	0.31034	0.12297	0.29432	0	0	1.55149	1.572565	1.55149	0.15254925	0.086576887	0.270457691	0.099588294	0.254966006	-9.35036E-07	-1.27976E-06	1.606462143	1.632971736	1.594759207	147	1.54	3	5	0	2	2.7
a-TiO2	0.5	1.1	0	0.18052	0.16199	0.35026	0.16199	0.3281	0	0	1.63806	1.63847	1.638065	0.20745	0.18395	0.41417	0.18394	0.37782	0	0	1.66262	1.64904	1.66262	0.186755772	0.204551625	0.426681433	0.189532729	0.355329186	-9.35036E-07	-1.27976E-06	1.656303729	1.676362031	1.658705951	147	1.54	3	5	0	2	2.7
a-TiO2	1	1.1	0	0.18052	0.16199	0.35026	0.16199	0.3281	0	0	1.63806	1.63847	1.638065	0.19674	0.17233	0.40099	0.17233	0.35208	0	0	1.69061	1.66217	1.69061	0.179363594	0.198409023	0.398706823	0.189148809	0.335678436	-9.35036E-07	-1.27976E-06	1.698506461	1.702880351	1.689601167	147	1.54	3	5	0	2	2.7
a-TiO2	1.5	1.1	0	0.18052	0.16199	0.35026	0.16199	0.3281	0	0	1.63806	1.63847	1.638065	0.18653	0.16134	0.38263	0.16134	0.31925	0	0	1.722675	1.678995	1.72268	0.171971415	0.192088728	0.370882621	0.18810674	0.316027685	-9.35036E-07	-1.27976E-06	1.720461662	1.721447198	1.720249527	147	1.54	3	5	0	2	2.7
a-TiO2	2	1.1	0	0.18052	0.16199	0.35026	0.16199	0.3281	0	0	1.63806	1.63847	1.638065	0.17679	0.15112	0.35759	0.15111	0.28168	0	0	1.7586	1.70079	1.758605	0.164579237	0.185377507	0.343389317	0.18607745	0.296376935	-9.35036E-07	-1.27976E-06	1.753130005	1.734650764	1.750438788	147	1.54	3	5	0	2	2.7
a-TiO2	2.5	1.1	0	0.18052	0.16199	0.35026	0.16199	0.3281	0	0	1.63806	1.63847	1.638065	0.16784	0.14166	0.32558	0.14166	0.24413	0	0	1.796705	1.72753	1.79671	0.157187058	0.177976835	0.316479597	0.182731862	0.276726185	-9.35036E-07	-1.27976E-06	1.765985921	1.744113418	1.780153253	147	1.54	3	5	0	2	2.7
a-TiO2	3	1.1	0	0.18052	0.16199	0.35026	0.16199	0.3281	0	0	1.63806	1.63847	1.638065	0.15923	0.1329	0.28998	0.1329	0.21039	0	0	1.83514	1.75795	1.835145	0.14979488	0.169502895	0.290478343	0.177740903	0.257075435	-9.35036E-07	-1.27976E-06	1.79305904	1.750910094	1.809408141	147	1.54	3	5	0	2	2.7
a-TiO2	0.5	1.1	-0.5	0.18052	0.16199	0.35026	0.16199	0.3281	0	0	1.63806	1.63847	1.638065	0.22858	0.20317	0.4545	0.20317	0.42642	0	0	1.634555	1.6341	1.634555	0.198644376	0.204522566	0.510457966	0.174971579	0.421312193	-9.35036E-07	-1.27976E-06	1.63031083	1.558423672	1.639629247	147	1.54	3	5	0	2	2.7
a-TiO2	1	1.1	-0.5	0.18052	0.16199	0.35026	0.16199	0.3281	0	0	1.63806	1.63847	1.638065	0.22086	0.19572	0.46101	0.19572	0.43051	0	0	1.63073	1.629715	1.63073	0.203140802	0.197944091	0.483069819	0.178274802	0.409390877	-9.35036E-07	-1.27976E-06	1.640392762	1.584941993	1.640944473	147	1.54	3	5	0	2	2.7
a-TiO2	1.5	1.1	-0.5	0.18052	0.16199	0.35026	0.16199	0.3281	0	0	1.63806	1.63847	1.638065	0.21278	0.1882	0.46821	0.18819	0.43488	0	0	1.626555	1.62535	1.62656	0.207637227	0.189735008	0.457786957	0.179507641	0.397467875	-9.35036E-07	-1.27976E-06	1.630227164	1.603508839	1.642012843	147	1.54	3	5	0	2	2.7
a-TiO2	2	1.1	-0.5	0.18052	0.16199	0.35026	0.16199	0.3281	0	0	1.63806	1.63847	1.638065	0.20438	0.18066	0.47618	0.18065	0.43947	0	0	1.62199	1.621055	1.621995	0.212133652	0.177938591	0.437135723	0.179103426	0.385540673	-9.35036E-07	-1.27976E-06	1.630774708	1.616712406	1.642622113	147	1.54	3	5	0	2	2.7
a-TiO2	2.5	1.1	-0.5	0.18052	0.16199	0.35026	0.16199	0.3281	0	0	1.63806	1.63847	1.638065	0.19554	0.17319	0.48523	0.17319	0.44406	0	0	1.61702	1.617025	1.617025	0.216630078	0.159815419	0.424652997	0.177074455	0.373596771	-9.35036E-07	-1.27976E-06	1.611509823	1.626175059	1.642756588	147	1.54	3	5	0	2	2.7
a-TiO2	3	1.1	-0.5	0.18052	0.16199	0.35026	0.16199	0.3281	0	0	1.63806	1.63847	1.638065	0.1868	0.16576	0.49505	0.16575	0.44877	0	0	1.61144	1.612895	1.61144	0.221126503	0.131843383	0.424886195	0.173275641	0.355623152	-9.35036E-07	-1.27976E-06	1.606462143	1.632971736	1.642431486	147	1.54	3	5	0	2	2.7
CeO2	0	1	0	0.08463	0.22705	0.06966	0.10708	0.06966	0.04721	0.08463	1.7503	1.7503	1.7503	0.08463	0.22705	0.06966	0.10708	0.06966	0.04721	0.08463	1.7503	1.7503	1.7503	0.070497135	0.252134268	0.024772451	0.099542072	0.035367824	0.047126405	0.084467953	1.584566447	1.749614457	1.759207365	204	1.12	4	7	0	2	2.7
CeO2	1	1	0	0.08463	0.22705	0.06966	0.10708	0.06966	0.04721	0.08463	1.7503	1.7503	1.7503	0.07853	0.22657	0.0644	0.09972	0.0644	0.04321	0.07853	1.75694	1.75694	1.75694	0.058871789	0.242171405	0.019953054	0.099184603	0.031963667	0.04307763	0.07761346	1.715339353	1.781297926	1.759802016	204	1.12	4	7	0	2	2.7
CeO2	2	1	0	0.08463	0.22705	0.06966	0.10708	0.06966	0.04721	0.08463	1.7503	1.7503	1.7503	0.07248	0.22579	0.05932	0.09222	0.05932	0.03958	0.07248	1.76344	1.76344	1.76344	0.047246443	0.231637661	0.015617244	0.096682319	0.02855951	0.039297414	0.071315194	1.769619118	1.801665863	1.776450825	204	1.12	4	7	0	2	2.7
CeO2	3	1	0	0.08463	0.22705	0.06966	0.10708	0.06966	0.04721	0.08463	1.7503	1.7503	1.7503	0.06656	0.22447	0.05445	0.08473	0.05445	0.03628	0.06656	1.76978	1.76978	1.76978	0.035621097	0.219065058	0.013008538	0.089890404	0.025155353	0.035653272	0.065528019	1.809717417	1.815853632	1.791231367	204	1.12	4	7	0	2	2.7
CeO2	4	1	0	0.08463	0.22705	0.06966	0.10708	0.06966	0.04721	0.08463	1.7503	1.7503	1.7503	0.06084	0.22233	0.04982	0.07739	0.04982	0.03327	0.06084	1.77595	1.77595	1.77595	0.023995751	0.202006965	0.014199458	0.076664044	0.021751197	0.032356726	0.060210461	1.84200371	1.826298367	1.804252567	204	1.12	4	7	0	2	2.7
CeO2	5	1	0	0.08463	0.22705	0.06966	0.10708	0.06966	0.04721	0.08463	1.7503	1.7503	1.7503	0.05543	0.21897	0.04548	0.07036	0.04548	0.03055	0.05543	1.78192	1.78192	1.78192	0.012370405	0.177038099	0.022091538	0.054858423	0.01834704	0.030513684	0.05532441	1.869940977	1.834305537	1.815656907	204	1.12	4	7	0	2	2.7
CeO2	6	1	0	0.08463	0.22705	0.06966	0.10708	0.06966	0.04721	0.08463	1.7503	1.7503	1.7503	0.05039	0.21396	0.04147	0.06378	0.04147	0.02809	0.05039	1.78771	1.78771	1.78771	0.000745059	0.139754524	0.040415318	0.022328726	0.014942883	0.030321218	0.050834852	1.896000917	1.84063761	1.825554699	204	1.12	4	7	0	2	2.7
CeO2	1	0.9	-0.2	0.08463	0.22705	0.06966	0.10708	0.06966	0.04721	0.08463	1.7503	1.7503	1.7503	0.06249	0.1759	0.05119	0.07944	0.05119	0.03424	0.06249	1.75253	1.75258	1.75253	0.053617765	0.190090183	0.042490407	0.07209374	0.043799376	0.035536318	0.063255617	1.745125603	1.7650797	1.744676027	204	1.12	4	7	0	2	0
CeO2	1	0.9	-0.4	0.08463	0.22705	0.06966	0.10708	0.06966	0.04721	0.08463	1.7503	1.7503	1.7503	0.06017	0.16928	0.04914	0.07672	0.04914	0.03259	0.06017	1.74899	1.7491	1.74899	0.056774473	0.190070751	0.075104748	0.067691496	0.067170658	0.034091003	0.059071385	1.774911852	1.760894919	1.769941382	204	1.12	4	7	0	2	0
CeO2	1	1	-0.2	0.08463	0.22705	0.06966	0.10708	0.06966	0.04721	0.08463	1.7503	1.7503	1.7503	0.0763	0.21986	0.06242	0.09713	0.06242	0.04159	0.0763	1.75329	1.75336	1.75329	0.07101666	0.242156719	0.055990466	0.098907907	0.057054399	0.041632316	0.077255439	1.745125603	1.7650797	1.752447806	204	1.12	4	7	0	2	0
CeO2	1	1	-0.4	0.08463	0.22705	0.06966	0.10708	0.06966	0.04721	0.08463	1.7503	1.7503	1.7503	0.07377	0.21238	0.06019	0.09414	0.06019	0.03982	0.07377	1.74959	1.74974	1.74959	0.074173368	0.242127403	0.088613995	0.09472642	0.080443607	0.040187001	0.074115156	1.774911852	1.760894919	1.777713161	204	1.12	4	7	0	2	0
CeO2	1	1.1	-0.2	0.08463	0.22705	0.06966	0.10708	0.06966	0.04721	0.08463	1.7503	1.7503	1.7503	0.09103	0.27107	0.07431	0.11611	0.07431	0.04922	0.09103	1.75402	1.75412	1.75402	0.08793904	0.29970107	0.071630069	0.124986695	0.072476176	0.048810191	0.090660185	1.745125603	1.7650797	1.760219585	204	1.12	4	7	0	2	0
CeO2	1	1.1	-0.4	0.08463	0.22705	0.06966	0.10708	0.06966	0.04721	0.08463	1.7503	1.7503	1.7503	0.0883	0.26264	0.07192	0.11288	0.07192	0.04735	0.0883	1.75025	1.75044	1.75025	0.091095748	0.299651538	0.104272698	0.121004892	0.095881416	0.047364877	0.088464269	1.774911852	1.760894919	1.78548494	204	1.12	4	7	0	2	0
CeO2	2	0.9	-0.2	0.08463	0.22705	0.06966	0.10708	0.06966	0.04721	0.08463	1.7503	1.7503	1.7503	0.05877	0.1736	0.04812	0.07476	0.04812	0.03214	0.05877	1.75473	1.75483	1.75473	0.054137291	0.179463822	0.038384331	0.069708383	0.041093683	0.032257604	0.059654268	1.773708728	1.785447637	1.729889065	204	1.12	4	7	0	2	0
CeO2	2	0.9	-0.4	0.08463	0.22705	0.06966	0.10708	0.06966	0.04721	0.08463	1.7503	1.7503	1.7503	0.05643	0.16619	0.04609	0.07195	0.04609	0.03057	0.05643	1.74769	1.7479	1.74769	0.060450706	0.179152906	0.071264187	0.066842771	0.06492119	0.03081229	0.055470035	1.777798338	1.781262857	1.731490428	204	1.12	4	7	0	2	0
CeO2	2	1	-0.2	0.08463	0.22705	0.06966	0.10708	0.06966	0.04721	0.08463	1.7503	1.7503	1.7503	0.07056	0.21901	0.05764	0.08995	0.05764	0.03825	0.07056	1.75624	1.75638	1.75624	0.071536186	0.231402687	0.051842966	0.096514251	0.05426472	0.0378521	0.070957173	1.773708728	1.785447637	1.745432623	204	1.12	4	7	0	2	0
CeO2	2	1	-0.4	0.08463	0.22705	0.06966	0.10708	0.06966	0.04721	0.08463	1.7503	1.7503	1.7503	0.06808	0.21042	0.05551	0.08696	0.05551	0.03664	0.06808	1.74889	1.74917	1.74889	0.077849601	0.230933635	0.084869828	0.093744898	0.078141004	0.036406785	0.06781689	1.777798338	1.781262857	1.747033985	204	1.12	4	7	0	2	0
CeO2	2	1.1	-0.2	0.08463	0.22705	0.06966	0.10708	0.06966	0.04721	0.08463	1.7503	1.7503	1.7503	0.08231	0.27543	0.06702	0.10526	0.06702	0.04407	0.08231	1.75769	1.75786	1.75769	0.088458566	0.288762829	0.067503281	0.122585729	0.069609312	0.04391826	0.081862183	1.773708728	1.785447637	1.760976181	204	1.12	4	7	0	2	0
CeO2	2	1.1	-0.4	0.08463	0.22705	0.06966	0.10708	0.06966	0.04721	0.08463	1.7503	1.7503	1.7503	0.07978	0.26521	0.06486	0.10217	0.06486	0.04248	0.07978	1.75022	1.75059	1.75022	0.094771981	0.287970314	0.100835739	0.119906416	0.093522815	0.042472945	0.079666267	1.777798338	1.781262857	1.762577543	204	1.12	4	7	0	2	0
CeO2	3	0.9	-0.2	0.08463	0.22705	0.06966	0.10708	0.06966	0.04721	0.08463	1.7503	1.7503	1.7503	0.05515	0.17082	0.04517	0.07013	0.04517	0.03019	0.05515	1.75691	1.75705	1.75691	0.054656816	0.166489881	0.036270943	0.063007905	0.038405633	0.028753254	0.055230875	1.788110388	1.799635406	1.713233836	204	1.12	4	7	0	2	0
CeO2	3	0.9	-0.4	0.08463	0.22705	0.06966	0.10708	0.06966	0.04721	0.08463	1.7503	1.7503	1.7503	0.04945	0.15832	0.04049	0.06288	0.04049	0.02704	0.04945	1.7451	1.74548	1.7451	0.064126939	0.164915867	0.070301363	0.060924047	0.062812865	0.02730794	0.051046642	1.766503359	1.795450626	1.691171206	204	1.12	4	7	0	2	0
CeO2	3	1	-0.2	0.08463	0.22705	0.06966	0.10708	0.06966	0.04721	0.08463	1.7503	1.7503	1.7503	0.06494	0.21749	0.05305	0.08278	0.05305	0.03521	0.06494	1.75915	1.75934	1.75915	0.072055711	0.217875503	0.050050263	0.089810931	0.051493436	0.034207958	0.065169998	1.788110388	1.799635406	1.736549172	204	1.12	4	7	0	2	7.6
CeO2	3	1	-0.4	0.08463	0.22705	0.06966	0.10708	0.06966	0.04721	0.08463	1.7503	1.7503	1.7503	0.06263	0.20748	0.0511	0.07993	0.0511	0.03379	0.06263	1.74821	1.7486	1.74821	0.081525834	0.215500926	0.084824906	0.087780711	0.075985561	0.032762643	0.062029715	1.766503359	1.795450626	1.714486543	204	1.12	4	7	0	2	7.6
CeO2	3	1.1	-0.2	0.08463	0.22705	0.06966	0.10708	0.06966	0.04721	0.08463	1.7503	1.7503	1.7503	0.07363	0.28015	0.05996	0.09413	0.05996	0.03945	0.07363	1.76127	1.7615	1.76127	0.088978091	0.274437404	0.066254231	0.115879808	0.065979591	0.039964231	0.074786113	1.788110388	1.799635406	1.759864509	204	1.12	4	7	0	2	7.6
CeO2	3	1.1	-0.4	0.08463	0.22705	0.06966	0.10708	0.06966	0.04721	0.08463	1.7503	1.7503	1.7503	0.07151	0.26713	0.0582	0.09148	0.0582	0.0382	0.07151	1.75023	1.75072	1.75023	0.098448214	0.270425297	0.102575949	0.113900607	0.085061355	0.038518916	0.072590197	1.766503359	1.795450626	1.737801879	204	1.12	4	7	0	2	7.6
Cu2O	1	1	0	1.88547	1.88547	2.01514	1.88547	2.01514	0	0	1.49502	1.49502	1.49502	1.95057	1.95057	2.04121	1.95057	2.04121	0	0	1.5147	1.5147	1.5147	2.018327452	1.94947466	2.025324072	1.971491848	2.046359711	-9.35036E-07	-1.27976E-06	1.55865494	1.519571219	1.559421172	145	1.9	3	5	10	2	7.6
Cu2O	2	1	0	1.88547	1.88547	2.01514	1.88547	2.01514	0	0	1.49502	1.49502	1.49502	2.02325	2.02325	2.06509	2.02325	2.06509	0	0	1.55779	1.55779	1.55779	2.050847584	1.98350266	2.031846208	1.980307289	2.050383039	-9.35036E-07	-1.27976E-06	1.609464472	1.529687531	1.614770621	145	1.9	3	5	10	2	7.6
Cu2O	3	1	0	1.88547	1.88547	2.01514	1.88547	2.01514	0	0	1.49502	1.49502	1.49502	2.09772	2.09772	2.08716	2.09772	2.08716	0	0	1.63672	1.63672	1.63672	2.083367717	2.014440368	2.040986108	2.004234916	2.054406367	-9.35036E-07	-1.27976E-06	1.649466457	1.597437046	1.668251804	145	1.9	3	5	10	2	7.6
Cu2O	4	1	0	1.88547	1.88547	2.01514	1.88547	2.01514	0	0	1.49502	1.49502	1.49502	2.16442	2.16442	2.1073	2.16442	2.1073	0	0	1.75369	1.75369	1.75369	2.115887849	2.038579436	2.055885088	2.050830821	2.058429694	-9.35036E-07	-1.27976E-06	1.684863216	1.74682304	1.719973644	145	1.9	3	5	10	2	2.7
Cu2O	1	0.9	-0.2	1.88547	1.88547	2.01514	1.88547	2.01514	0	0	1.49502	1.49502	1.49502	1.55156	1.55156	1.65473	1.55156	1.65473	0	0	1.50804	1.50804	1.50804	1.583406076	1.562732975	1.676763716	1.585540017	1.684156711	-9.35036E-07	-1.27976E-06	1.537989232	1.521644606	1.527567554	145	1.9	3	5	10	2	2.7
Cu2O	1	0.9	-0.4	1.88547	1.88547	2.01514	1.88547	2.01514	0	0	1.49502	1.49502	1.49502	1.55791	1.55791	1.67887	1.55791	1.67887	0	0	1.51327	1.51327	1.51327	1.571113952	1.562661359	1.70942764	1.581301263	1.705375605	-9.35036E-07	-1.27976E-06	1.517323525	1.521329744	1.503907986	145	1.9	3	5	10	2	2.7
Cu2O	1	1	-0.2	1.88547	1.88547	2.01514	1.88547	2.01514	0	0	1.49502	1.49502	1.49502	1.92792	1.92792	2.04556	1.92792	2.04556	0	0	1.51624	1.51624	1.51624	1.971035692	1.949433226	2.061384423	1.973957656	2.069977585	-9.35036E-07	-1.27976E-06	1.537989232	1.521644606	1.535758655	145	1.9	3	5	10	2	2.7
Cu2O	1	1	-0.4	1.88547	1.88547	2.01514	1.88547	2.01514	0	0	1.49502	1.49502	1.49502	1.92716	1.92716	2.07384	1.92716	2.07384	0	0	1.52305	1.52305	1.52305	1.958743568	1.949246744	2.094165968	1.969906353	2.091379095	-9.35036E-07	-1.27976E-06	1.517323525	1.521329744	1.512099087	145	1.9	3	5	10	2	2.7
Cu2O	1	1.1	-0.2	1.88547	1.88547	2.01514	1.88547	2.01514	0	0	1.49502	1.49502	1.49502	2.35733	2.35733	2.48094	2.35733	2.48094	0	0	1.52892	1.52892	1.52892	2.348049048	2.376814978	2.508398333	2.35173907	2.51827173	-9.35036E-07	-1.27976E-06	1.537989232	1.521644606	1.543949755	145	1.9	3	5	10	2	2.7
Cu2O	1	1.1	-0.4	1.88547	1.88547	2.01514	1.88547	2.01514	0	0	1.49502	1.49502	1.49502	2.34257	2.34257	2.51249	2.34257	2.51249	0	0	1.53568	1.53568	1.53568	2.335756924	2.371508999	2.535657881	2.347894337	2.539820049	-9.35036E-07	-1.27976E-06	1.517323525	1.521329744	1.520290188	145	1.9	3	5	10	2	2.7
Cu2O	2	0.9	-0.2	1.88547	1.88547	2.01514	1.88547	2.01514	0	0	1.49502	1.49502	1.49502	1.56478	1.56478	1.66062	1.56478	1.66062	0	0	1.52169	1.52169	1.52169	1.568634448	1.596530181	1.683709429	1.609947782	1.687251054	-9.35036E-07	-1.27976E-06	1.563102125	1.531760919	1.55106191	145	1.9	3	5	10	2	2.7
Cu2O	2	0.9	-0.4	1.88547	1.88547	2.01514	1.88547	2.01514	0	0	1.49502	1.49502	1.49502	1.56454	1.56454	1.69344	1.56454	1.69344	0	0	1.53194	1.53194	1.53194	1.5440502	1.59538433	1.717382621	1.552324886	1.705548267	-9.35036E-07	-1.27976E-06	1.516739778	1.531446057	1.50373835	145	1.9	3	5	10	2	2.7
Cu2O	2	1	-0.2	1.88547	1.88547	2.01514	1.88547	2.01514	0	0	1.49502	1.49502	1.49502	1.95989	1.95989	2.05649	1.95989	2.05649	0	0	1.54072	1.54072	1.54072	1.956264064	1.98283972	2.06843895	1.998398117	2.073092925	-9.35036E-07	-1.27976E-06	1.563102125	1.531760919	1.567444112	145	1.9	3	5	10	2	2.7
Cu2O	2	1	-0.4	1.88547	1.88547	2.01514	1.88547	2.01514	0	0	1.49502	1.49502	1.49502	1.94281	1.94281	2.09624	1.94281	2.09624	0	0	1.55115	1.55115	1.55115	1.931679816	1.979856002	2.103994057	1.941453097	2.092646554	-9.35036E-07	-1.27976E-06	1.516739778	1.531446057	1.520120552	145	1.9	3	5	10	2	2.7
Cu2O	2	1.1	-0.2	1.88547	1.88547	2.01514	1.88547	2.01514	0	0	1.49502	1.49502	1.49502	2.42553	2.42553	2.49985	2.42553	2.49985	0	0	1.57592	1.57592	1.57592	2.33327742	2.409432784	2.515949306	2.376220358	2.521353256	-9.35036E-07	-1.27976E-06	1.563102125	1.531760919	1.583826313	145	1.9	3	5	10	2	2.7
Cu2O	2	1.1	-0.4	1.88547	1.88547	2.01514	1.88547	2.01514	0	0	1.49502	1.49502	1.49502	2.37835	2.37835	2.54418	2.37835	2.54418	0	0	1.57561	1.57561	1.57561	2.308693172	2.324537125	2.463152481	2.320094322	2.541556065	-9.35036E-07	-1.27976E-06	1.516739778	1.531446057	1.536502753	145	1.9	3	5	10	2	2.7
Cu2O	3	0.9	-0.2	1.88547	1.88547	2.01514	1.88547	2.01514	0	0	1.49502	1.49502	1.49502	1.57884	1.57884	1.66603	1.57884	1.66603	0	0	1.53619	1.53619	1.53619	1.55386282	1.626467785	1.693935597	1.678576721	1.691562058	-9.35036E-07	-1.27976E-06	1.57740747	1.599510434	1.572688	145	1.9	3	5	10	2	2.7
Cu2O	3	0.9	-0.4	1.88547	1.88547	2.01514	1.88547	2.01514	0	0	1.49502	1.49502	1.49502	1.57084	1.57084	1.70817	1.57084	1.70817	0	0	1.55102	1.55102	1.55102	1.516986448	1.620666914	1.73198228	1.511743347	1.715454225	-9.35036E-07	-1.27976E-06	1.505348483	1.599195572	1.501700447	145	1.9	3	5	10	2	2.7
Cu2O	3	1	-0.2	1.88547	1.88547	2.01514	1.88547	2.01514	0	0	1.49502	1.49502	1.49502	1.99431	1.99431	2.06612	1.99431	2.06612	0	0	1.57022	1.57022	1.57022	1.941492437	2.011084234	2.079885875	2.072675086	2.077476783	-9.35036E-07	-1.27976E-06	1.57740747	1.599510434	1.597261302	145	1.9	3	5	10	2	2.7
Cu2O	3	1	-0.4	1.88547	1.88547	2.01514	1.88547	2.01514	0	0	1.49502	1.49502	1.49502	1.95915	1.95915	2.11778	1.95915	2.11778	0	0	1.57911	1.57911	1.57911	1.904616065	1.995979161	2.127459752	1.991240048	2.104062153	-9.35036E-07	-1.27976E-06	1.505348483	1.599195572	1.526273749	145	1.9	3	5	10	2	2.7
Cu2O	3	1.1	-0.2	1.88547	1.88547	2.01514	1.88547	2.01514	0	0	1.49502	1.49502	1.49502	2.49327	2.49327	2.5166	2.49327	2.5166	0	0	1.64244	1.64244	1.64244	2.318505792	2.434259651	2.530144958	2.427096883	2.47182826	-9.35036E-07	-1.27976E-06	1.57740747	1.599510434	1.621834604	145	1.9	3	5	10	2	7.6
Cu2O	3	1.1	-0.4	1.88547	1.88547	2.01514	1.88547	2.01514	0	0	1.49502	1.49502	1.49502	1.95915	1.95915	2.11778	1.95915	2.11778	0	0	1.57911	1.57911	1.57911	2.28162942	2.004475378	2.130437181	1.995474177	2.122439916	-9.35036E-07	-1.27976E-06	1.505348483	1.599195572	1.550847052	145	1.9	3	5	10	2	7.6
MoO3	1	1	0	0.54009	0.4931125	0.46878	0.469385	0.52024	0	0	1.566588333	1.405505	1.536796667	0.55433	0.488845	0.44964	0.46249	0.53527	0	0	1.6684225	1.4586	1.58519	0.580593461	0.546854918	0.503364624	0.537066169	0.57418601	-9.35036E-07	-1.27976E-06	1.576308016	1.49493285	1.592233301	145	2.16	4	5	0	0	7.6
r-TiO2	0	1	0	0.26815	0.26906	0.18476	0.26906	0.17583	0	0	1.66049	1.62748	1.66049	0.26815	0.26906	0.18476	0.26906	0.17583	0	0	1.66049	1.62748	1.66049	0.251898244	0.28468453	0.136889619	0.246336694	0.144893417	-9.35036E-07	-1.27976E-06	1.611034213	1.651231862	1.666470096	147	1.54	3	5	0	2	7.6
r-TiO2	1	1	0	0.26815	0.26906	0.18476	0.26906	0.17583	0	0	1.66049	1.62748	1.66049	0.23447	0.2435	0.15935	0.2435	0.16046	0	0	1.70633	1.66723	1.70633	0.232139206	0.267752647	0.12648853	0.245728347	0.137569977	-9.35036E-07	-1.27976E-06	1.742054902	1.723365211	1.702948801	147	1.54	3	5	0	2	7.6
r-TiO2	2	1	0	0.26815	0.26906	0.18476	0.26906	0.17583	0	0	1.66049	1.62748	1.66049	0.19615	0.21373	0.13351	0.21374	0.14615	0	0	1.75891	1.71842	1.75891	0.212380168	0.250172259	0.116665685	0.24146992	0.130246536	-9.35036E-07	-1.27976E-06	1.7885133	1.764292771	1.755481663	147	1.54	3	5	0	2	3.1
r-TiO2	3	1	0	0.26815	0.26906	0.18476	0.26906	0.17583	0	0	1.66049	1.62748	1.66049	0.16039	0.18264	0.11063	0.18265	0.13307	0	0	1.81395	1.77687	1.81395	0.19262113	0.230275777	0.108907997	0.229911334	0.122923096	-9.35036E-07	-1.27976E-06	1.838066224	1.790636759	1.806146258	147	1.54	3	5	0	2	0
r-TiO2	4	1	0	0.26815	0.26906	0.18476	0.26906	0.17583	0	0	1.66049	1.62748	1.66049	0.13135	0.15455	0.09232	0.15455	0.12075	0	0	1.86659	1.83529	1.86659	0.172862091	0.205283892	0.105693658	0.207402508	0.115599655	-9.35036E-07	-1.27976E-06	1.864746401	1.809036715	1.855051511	147	1.54	3	5	0	2	5.2
r-TiO2	5	1	0	0.26815	0.26906	0.18476	0.26906	0.17583	0	0	1.66049	1.62748	1.66049	0.10902	0.13125	0.0781	0.13125	0.10912	0	0	1.91444	1.88882	1.91444	0.153103053	0.171305568	0.110492131	0.170293362	0.108276215	-9.35036E-07	-1.27976E-06	1.899255348	1.822668556	1.902339905	147	1.54	3	5	0	2	4
r-TiO2	6	1	0	0.26815	0.26906	0.18476	0.26906	0.17583	0	0	1.66049	1.62748	1.66049	0.0919	0.11246	0.06698	0.11246	0.09832	0	0	1.95713	1.93613	1.95713	0.133344015	0.123338045	0.127764158	0.114933816	0.100952774	-9.35036E-07	-1.27976E-06	1.92746877	1.833240931	1.948121749	147	1.54	3	5	0	2	3.5
r-TiO2	1	0.9	-0.2	0.26815	0.26906	0.18476	0.26906	0.17583	0	0	1.66049	1.62748	1.66049	0.21763	0.21881	0.14638	0.21881	0.14129	0	0	1.6765	1.63915	1.6765	0.202461524	0.212744614	0.128721443	0.190271547	0.130081127	-9.35036E-07	-1.27976E-06	1.696282333	1.633650164	1.671888095	147	1.54	3	5	0	2	3.1
r-TiO2	1	0.9	-0.4	0.26815	0.26906	0.18476	0.26906	0.17583	0	0	1.66049	1.62748	1.66049	0.23392	0.23204	0.15471	0.23204	0.14751	0	0	1.64886	1.61099	1.64886	0.208384128	0.212716621	0.16134809	0.185820761	0.15397369	-9.35036E-07	-1.27976E-06	1.650509763	1.589206883	1.64976229	147	1.54	3	5	0	2	4
r-TiO2	1	1	-0.2	0.26815	0.26906	0.18476	0.26906	0.17583	0	0	1.66049	1.62748	1.66049	0.26811	0.27014	0.17911	0.27014	0.17141	0	0	1.67851	1.63789	1.67851	0.254925373	0.26773272	0.162532712	0.245461614	0.163370402	-9.35036E-07	-1.27976E-06	1.696282333	1.633650164	1.679797537	147	1.54	3	5	0	2	3.5
r-TiO2	1	1	-0.4	0.26815	0.26906	0.18476	0.26906	0.17583	0	0	1.66049	1.62748	1.66049	0.28797	0.28588	0.18965	0.28588	0.17872	0	0	1.65277	1.6132	1.65277	0.260847977	0.267686102	0.195182656	0.241237626	0.187336007	-9.35036E-07	-1.27976E-06	1.650509763	1.589206883	1.657671732	147	1.54	3	5	0	2	3.1
r-TiO2	1	1.1	-0.2	0.26815	0.26906	0.18476	0.26906	0.17583	0	0	1.66049	1.62748	1.66049	0.32843	0.33138	0.21677	0.33138	0.20341	0	0	1.67705	1.6306	1.67705	0.305952361	0.328503771	0.201780545	0.299139108	0.202119888	-9.35036E-07	-1.27976E-06	1.696282333	1.633650164	1.687706979	147	1.54	3	5	0	2	4
r-TiO2	1	1.1	-0.4	0.26815	0.26906	0.18476	0.26906	0.17583	0	0	1.66049	1.62748	1.66049	0.34968	0.34748	0.22848	0.34748	0.21172	0	0	1.65494	1.61207	1.65494	0.311874965	0.328409486	0.234501347	0.295119995	0.226155888	-9.35036E-07	-1.27976E-06	1.650509763	1.589206883	1.665581174	147	1.54	3	5	0	2	3.5
r-TiO2	2	0.9	-0.2	0.26815	0.26906	0.18476	0.26906	0.17583	0	0	1.66049	1.62748	1.66049	0.20914	0.2119	0.13934	0.2119	0.13434	0	0	1.69367	1.65214	1.69367	0.205488653	0.195042197	0.119686676	0.186227983	0.124463573	-9.35036E-07	-1.27976E-06	1.717044091	1.674577724	1.692847523	147	1.54	3	5	0	2	3.1
r-TiO2	2	0.9	-0.4	0.26815	0.26906	0.18476	0.26906	0.17583	0	0	1.66049	1.62748	1.66049	0.23561	0.23211	0.15367	0.23211	0.14042	0	0	1.63343	1.5903	1.63343	0.217333862	0.194594299	0.152763428	0.183439183	0.149326351	-9.35036E-07	-1.27976E-06	1.645574883	1.630134442	1.647057725	147	1.54	3	5	0	2	4
r-TiO2	2	1	-0.2	0.26815	0.26906	0.18476	0.26906	0.17583	0	0	1.66049	1.62748	1.66049	0.25749	0.26286	0.16914	0.26286	0.16034	0	0	1.69808	1.64927	1.69808	0.257952502	0.249853425	0.152999728	0.241409462	0.157370837	-9.35036E-07	-1.27976E-06	1.717044091	1.674577724	1.708666407	147	1.54	3	5	0	2	3.5
r-TiO2	2	1	-0.4	0.26815	0.26906	0.18476	0.26906	0.17583	0	0	1.66049	1.62748	1.66049	0.29204	0.28801	0.18845	0.28801	0.16754	0	0	1.64132	1.5943	1.64132	0.269797711	0.249107532	0.186449221	0.238718649	0.182397849	-9.35036E-07	-1.27976E-06	1.645574883	1.630134442	1.662876609	147	1.54	3	5	0	2	3.1
r-TiO2	2	1.1	-0.2	0.26815	0.26906	0.18476	0.26906	0.17583	0	0	1.66049	1.62748	1.66049	0.32228	0.33459	0.2062	0.3346	0.18505	0	0	1.69306	1.62711	1.69306	0.30897949	0.310349828	0.191874008	0.295079405	0.195747788	-9.35036E-07	-1.27976E-06	1.717044091	1.674577724	1.724485291	147	1.54	3	5	0	2	4.1
r-TiO2	2	1.1	-0.4	0.26815	0.26906	0.18476	0.26906	0.17583	0	0	1.66049	1.62748	1.66049	0.36042	0.35733	0.22855	0.35734	0.19293	0	0	1.64449	1.58828	1.64449	0.320824698	0.308841267	0.226457229	0.292480192	0.220922829	-9.35036E-07	-1.27976E-06	1.645574883	1.630134442	1.678695493	147	1.54	3	5	0	2	5.1
r-TiO2	3	0.9	-0.2	0.26815	0.26906	0.18476	0.26906	0.17583	0	0	1.66049	1.62748	1.66049	0.19957	0.20447	0.132	0.20447	0.12753	0	0	1.71239	1.66701	1.71239	0.208515782	0.174616925	0.113108581	0.175021064	0.118870794	-9.35036E-07	-1.27976E-06	1.740900376	1.700921712	1.711938684	147	1.54	3	5	0	2	6.1
r-TiO2	3	0.9	-0.4	0.26815	0.26906	0.18476	0.26906	0.17583	0	0	1.66049	1.62748	1.66049	0.23981	0.23357	0.15459	0.23357	0.1331	0	0	1.61283	1.56401	1.61283	0.226283595	0.172349442	0.148135787	0.173270405	0.144877219	-9.35036E-07	-1.27976E-06	1.643734528	1.656478431	1.642484894	147	1.54	3	5	0	2	7.1
r-TiO2	3	1	-0.2	0.26815	0.26906	0.18476	0.26906	0.17583	0	0	1.66049	1.62748	1.66049	0.24429	0.25526	0.15834	0.25527	0.1494	0	0	1.72003	1.66238	1.72003	0.260979631	0.228661685	0.146498102	0.230199634	0.151397104	-9.35036E-07	-1.27976E-06	1.740900376	1.700921712	1.73566701	147	1.54	3	5	0	2	8.1
r-TiO2	3	1	-0.4	0.26815	0.26906	0.18476	0.26906	0.17583	0	0	1.66049	1.62748	1.66049	0.30042	0.29332	0.19063	0.29332	0.15526	0	0	1.62464	1.56883	1.62463	0.278747444	0.224885598	0.183412309	0.22850333	0.177666346	-9.35036E-07	-1.27976E-06	1.643734528	1.656478431	1.66621322	147	1.54	3	5	0	2	9.1
r-TiO2	3	1.1	-0.4	0.26815	0.26906	0.18476	0.26906	0.17583	0	0	1.66049	1.62748	1.66049	0.38271	0.38237	0.23658	0.38238	0.16926	0	0	1.62529	1.54762	1.62529	0.329774432	0.280330853	0.228578198	0.282222294	0.207119617	-9.35036E-07	-1.27976E-06	1.643734528	1.656478431	1.689941546	147	1.54	3	5	0	2	10.1
WO3	0	1	0	0.39437625	0.4163175	0.3796725	0.40005625	0.36303875	0	0	1.532489583	1.54704375	1.506700833	0.39437625	0.4163175	0.3796725	0.40005625	0.36303875	0	0	1.532489583	1.54704375	1.506700833	0.381556167	0.431683298	0.379658441	0.382085032	0.33801906	-9.35036E-07	-1.27976E-06	1.468094321	1.528448971	1.529465644	139	2.36	5	5	0	0	11.1
WO3	1	1	0	0.39437625	0.4163175	0.3796725	0.40005625	0.36303875	0	0	1.532489583	1.54704375	1.506700833	0.3693875	0.40002875	0.300015	0.37661625	0.2851	0	0	1.57252625	1.587580417	1.550864167	0.358026666	0.407429243	0.310030252	0.381213286	0.289154313	-9.35036E-07	-1.27976E-06	1.59343155	1.617096342	1.568087842	139	2.36	5	5	0	0	12.1
WO3	2	1	0	0.39437625	0.4163175	0.3796725	0.40005625	0.36303875	0	0	1.532489583	1.54704375	1.506700833	0.33622875	0.38764625	0.200825	0.35375875	0.210135	0	0	1.625956667	1.641750417	1.608103333	0.334497166	0.382370793	0.241065331	0.375111064	0.240289567	-9.35036E-07	-1.27976E-06	1.654968756	1.652440754	1.622764197	139	2.36	5	5	0	0	13.1
WO3	3	1	0	0.39437625	0.4163175	0.3796725	0.40005625	0.36303875	0	0	1.532489583	1.54704375	1.506700833	0.30435875	0.3655775	0.1350475	0.3279025	0.15435375	0	0	1.67701875	1.69173875	1.6638575	0.310967665	0.354439505	0.174469224	0.358547891	0.19142482	-9.35036E-07	-1.27976E-06	1.68527771	1.673028656	1.675572284	139	2.36	5	5	0	0	14.1
WO3	4	1	0	0.39437625	0.4163175	0.3796725	0.40005625	0.36303875	0	0	1.532489583	1.54704375	1.506700833	0.2700925	0.33155375	0.094395	0.29527	0.114255	0	0	1.724484583	1.735300833	1.71960625	0.287438165	0.320187976	0.11308451	0.326293289	0.142560074	-9.35036E-07	-1.27976E-06	1.728693917	1.693904915	1.72662103	139	2.36	5	5	0	0	15.1
WO3	5	1	0	0.39437625	0.4163175	0.3796725	0.40005625	0.36303875	0	0	1.532489583	1.54704375	1.506700833	0.235715	0.288425	0.069675	0.25691375	0.083175	0	0	1.770527083	1.7759575	1.775650417	0.263908665	0.274789837	0.060890797	0.273116784	0.093695327	-9.35036E-07	-1.27976E-06	1.754774792	1.721359619	1.776052917	139	2.36	5	5	0	0	16.1
WO3	6	1	0	0.39437625	0.4163175	0.3796725	0.40005625	0.36303875	0	0	1.532489583	1.54704375	1.506700833	0.19897875	0.242895	0.047865	0.22496625	0.061355	0	0	1.816677083	1.815183333	1.831665	0.240379164	0.212039761	0.023004725	0.193787899	0.044830581	-9.35036E-07	-1.27976E-06	1.780193196	1.756857054	1.823978254	139	2.36	5	5	0	0	17.1
WO3	1	0.8	0	0.39437625	0.4163175	0.3796725	0.40005625	0.36303875	0	0	1.532489583	1.54704375	1.506700833	0.232685	0.250145	0.193145	0.237135	0.185105	0	0	1.574546667	1.588295	1.552475	0.205446194	0.254179668	0.184014608	0.220980097	0.184095642	-9.35036E-07	-1.27976E-06	1.59343155	1.617096342	1.551840259	139	2.36	5	5	0	0	18.1
WO3	1	0.9	0	0.39437625	0.4163175	0.3796725	0.40005625	0.36303875	0	0	1.532489583	1.54704375	1.506700833	0.294755	0.31833	0.24046	0.300645	0.23014	0	0	1.57615	1.59023	1.554465	0.280499855	0.326548327	0.242504192	0.299798096	0.234975284	-9.35036E-07	-1.27976E-06	1.59343155	1.617096342	1.55996405	139	2.36	5	5	0	0	19.1
WO3	1	1.1	0	0.39437625	0.4163175	0.3796725	0.40005625	0.36303875	0	0	1.532489583	1.54704375	1.506700833	0.460095	0.5071	0.385325	0.472235	0.36903	0	0	1.55827	1.574911667	1.537303333	0.433430201	0.496820694	0.386855541	0.460398707	0.338466815	-9.35036E-07	-1.27976E-06	1.59343155	1.617096342	1.576211633	139	2.36	5	5	0	0	20.1
WO3	2	0.8	0	0.39437625	0.4163175	0.3796725	0.40005625	0.36303875	0	0	1.532489583	1.54704375	1.506700833	0.214035	0.234065	0.14973	0.219135	0.145315	0	0	1.617616667	1.630663333	1.600279583	0.181916694	0.229356539	0.14930035	0.214877875	0.15938494	-9.35036E-07	-1.27976E-06	1.654968756	1.652440754	1.590269031	139	2.36	5	5	0	0	3.5
WO3	2	0.9	0	0.39437625	0.4163175	0.3796725	0.40005625	0.36303875	0	0	1.532489583	1.54704375	1.506700833	0.26928	0.299385	0.17528	0.2774	0.17301	0	0	1.625575833	1.639512083	1.608275	0.256970355	0.301626141	0.195313819	0.293695874	0.201458451	-9.35036E-07	-1.27976E-06	1.654968756	1.652440754	1.606516614	139	2.36	5	5	0	0	3.5
WO3	3	0.8	0	0.39437625	0.4163175	0.3796725	0.40005625	0.36303875	0	0	1.532489583	1.54704375	1.506700833	0.19614	0.218005	0.11459	0.20241	0.11399	0	0	1.660326667	1.671846667	1.646073333	0.158387193	0.202444977	0.116320724	0.198314701	0.134674239	-9.35036E-07	-1.27976E-06	1.68527771	1.673028656	1.626829537	139	2.36	5	5	0	0	3.5
WO3	3	0.9	0	0.39437625	0.4163175	0.3796725	0.40005625	0.36303875	0	0	1.532489583	1.54704375	1.506700833	0.244155	0.279085	0.12631	0.2541	0.13064	0	0	1.673282917	1.685572917	1.660841667	0.233440855	0.274285328	0.150126163	0.2771327	0.167941618	-9.35036E-07	-1.27976E-06	1.68527771	1.673028656	1.651200911	139	2.36	5	5	0	0	3.5
Y2O3	1	1	0	0.0703275	0.0703275	0.03798	0.070325	0.0379775	0	0	1.74411875	1.744116667	1.74411	0.0335625	0.0335625	0.0290725	0.03356	0.0290725	0	0	1.81295	1.81295	1.812946667	0.044534304	0.03705785	-0.012613679	0.034636991	0.000129817	-9.35036E-07	-1.27976E-06	1.742865779	1.827772974	1.787693682	180	1.22	4	5	0	1	3.5
Y2O3	2	1	0	0.0703275	0.0703275	0.03798	0.070325	0.0379775	0	0	1.74411875	1.744116667	1.74411	0.021305	0.021305	0.0230475	0.0213075	0.0230475	0	0	1.851209792	1.851206667	1.851203333	0.033788033	0.028090519	-0.015733175	0.032531027	-0.002424337	-9.35036E-07	-1.27976E-06	1.800035874	1.851542371	1.838941616	180	1.22	4	5	0	1	3.5
Y2O3	3	1	0	0.0703275	0.0703275	0.03798	0.070325	0.0379775	0	0	1.74411875	1.744116667	1.74411	0.01524	0.01524	0.0187275	0.01524	0.0187275	0	0	1.876783333	1.876786667	1.87678	0.023041762	0.017067392	-0.017111217	0.026814838	-0.004978491	-9.35036E-07	-1.27976E-06	1.843619678	1.870005414	1.888321284	180	1.22	4	5	0	1	3.5
Y2O3	4	1	0	0.0703275	0.0703275	0.03798	0.070325	0.0379775	0	0	1.74411875	1.744116667	1.74411	0.0116275	0.011625	0.0155175	0.011625	0.0155175	0	0	1.895596667	1.895593333	1.895589583	0.012295492	0.001521515	-0.014658059	0.015683313	-0.007532645	-9.35036E-07	-1.27976E-06	1.873645903	1.885209375	1.93594161	180	1.22	4	5	0	1	3.5
Y2O3	1	0.9	-0.2	0.0703275	0.0703275	0.03798	0.070325	0.0379775	0	0	1.74411875	1.744116667	1.74411	0.0300725	0.0300725	0.024625	0.0300725	0.0246275	0	0	1.803883333	1.803883333	1.80388	0.041374693	0.022626783	0.016020626	0.020033338	0.017843786	-9.35036E-07	-1.27976E-06	1.788869339	1.794258986	1.784670152	180	1.22	4	5	0	1	3.5
Y2O3	1	0.9	-0.4	0.0703275	0.0703275	0.03798	0.070325	0.0379775	0	0	1.74411875	1.744116667	1.74411	0.0300725	0.0300725	0.024625	0.0300725	0.0246275	0	0	1.803883333	1.803883333	1.80388	0.044311258	0.022606897	0.048635386	0.015637671	0.041109541	-9.35036E-07	-1.27976E-06	1.8348729	1.793155756	1.846270396	180	1.22	4	5	0	1	3.5
Y2O3	1	1	-0.2	0.0703275	0.0703275	0.03798	0.070325	0.0379775	0	0	1.74411875	1.744116667	1.74411	0.033515	0.033515	0.029065	0.0335175	0.0290675	0	0	1.813003333	1.813003333	1.813	0.055832216	0.037042874	0.023423982	0.034359414	0.025068152	-9.35036E-07	-1.27976E-06	1.788869339	1.794258986	1.792451101	180	1.22	4	5	0	1	3.5
Y2O3	1	1	-0.4	0.0703275	0.0703275	0.03798	0.070325	0.0379775	0	0	1.74411875	1.744116667	1.74411	0.033515	0.033515	0.029065	0.0335175	0.0290675	0	0	1.813003333	1.813003333	1.813	0.058768782	0.03701271	0.056048305	0.030183731	0.04834299	-9.35036E-07	-1.27976E-06	1.8348729	1.793155756	1.854051345	180	1.22	4	5	0	1	3.5
Y2O3	1	1.1	-0.2	0.0703275	0.0703275	0.03798	0.070325	0.0379775	0	0	1.74411875	1.744116667	1.74411	0.03660875	0.0366075	0.0335375	0.0366075	0.0335375	0	0	1.821953333	1.821953333	1.82195	0.069893783	0.052973462	0.031989798	0.048292136	0.033474652	-9.35036E-07	-1.27976E-06	1.788869339	1.794258986	1.800232051	180	1.22	4	5	0	1	3.5
Y2O3	1	1.1	-0.4	0.0703275	0.0703275	0.03798	0.070325	0.0379775	0	0	1.74411875	1.744116667	1.74411	0.03660875	0.0366075	0.0335375	0.0366075	0.0335375	0	0	1.821953333	1.821953333	1.82195	0.072830348	0.052922024	0.064634248	0.044315473	0.056757591	-9.35036E-07	-1.27976E-06	1.8348729	1.793155756	1.861832294	180	1.22	4	5	0	1	3.5
Y2O3	2	0.9	-0.2	0.0703275	0.0703275	0.03798	0.070325	0.0379775	0	0	1.74411875	1.744116667	1.74411	0.019945	0.019945	0.0202475	0.019945	0.02025	0	0	1.83933	1.839326667	1.839323333	0.041926334	0.013565171	0.013067372	0.018034502	0.015801047	-9.35036E-07	-1.27976E-06	1.820342795	1.818028383	1.804473145	180	1.22	4	5	0	1	3.5
Y2O3	2	0.9	-0.4	0.0703275	0.0703275	0.03798	0.070325	0.0379775	0	0	1.74411875	1.744116667	1.74411	0.019945	0.019945	0.0202475	0.019945	0.02025	0	0	1.83933	1.839326667	1.839323333	0.047799465	0.01324701	0.045953927	0.015161605	0.039433803	-9.35036E-07	-1.27976E-06	1.840649715	1.816925153	1.842409397	180	1.22	4	5	0	1	3.5
Y2O3	2	1	-0.2	0.0703275	0.0703275	0.03798	0.070325	0.0379775	0	0	1.74411875	1.744116667	1.74411	0.0212625	0.0212625	0.02305	0.0212625	0.0230475	0	0	1.85128	1.851273333	1.851273333	0.056383858	0.027850908	0.020496517	0.032352315	0.022976739	-9.35036E-07	-1.27976E-06	1.820342795	1.818028383	1.820035044	180	1.22	4	5	0	1	3.5
Y2O3	2	1	-0.4	0.0703275	0.0703275	0.03798	0.070325	0.0379775	0	0	1.74411875	1.744116667	1.74411	0.0212625	0.0212625	0.02305	0.0212625	0.0230475	0	0	1.85128	1.851273333	1.851273333	0.062256989	0.027368273	0.053536087	0.029575455	0.0466289	-9.35036E-07	-1.27976E-06	1.840649715	1.816925153	1.857971295	180	1.22	4	5	0	1	3.5
Y2O3	2	1.1	-0.2	0.0703275	0.0703275	0.03798	0.070325	0.0379775	0	0	1.74411875	1.744116667	1.74411	0.0222675	0.0222675	0.02561	0.0222675	0.02561	0	0	1.86258	1.862576667	1.862573333	0.070445425	0.043592614	0.029147082	0.046277758	0.031339625	-9.35036E-07	-1.27976E-06	1.820342795	1.818028383	1.835596942	180	1.22	4	5	0	1	4
Y2O3	2	1.1	-0.4	0.0703275	0.0703275	0.03798	0.070325	0.0379775	0	0	1.74411875	1.744116667	1.74411	0.0222675	0.0222675	0.02561	0.0222675	0.02561	0	0	1.86258	1.862576667	1.862573333	0.076318555	0.042769601	0.062508682	0.043590736	0.055008484	-9.35036E-07	-1.27976E-06	1.840649715	1.816925153	1.873533194	180	1.22	4	5	0	1	4
Y2O3	3	0.9	-0.2	0.0703275	0.0703275	0.03798	0.070325	0.0379775	0	0	1.74411875	1.744116667	1.74411	0.01467	0.01467	0.016955	0.01467	0.0169525	0	0	1.863826667	1.863826667	1.863823333	0.042477976	0.002133496	0.012125935	0.012383867	0.01376	-9.35036E-07	-1.27976E-06	1.838229959	1.836491426	1.822407871	180	1.22	4	5	0	1	4
Y2O3	3	0.9	-0.4	0.0703275	0.0703275	0.03798	0.070325	0.0379775	0	0	1.74411875	1.744116667	1.74411	0.01467	0.01467	0.016955	0.01467	0.0169525	0	0	1.863826667	1.863826667	1.863823333	0.051287672	0.000522806	0.046190272	0.01026585	0.037771607	-9.35036E-07	-1.27976E-06	1.832840241	1.835388196	1.836680131	180	1.22	4	5	0	1	4
Y2O3	3	1	-0.2	0.0703275	0.0703275	0.03798	0.070325	0.0379775	0	0	1.74411875	1.744116667	1.74411	0.0152025	0.0152025	0.0187225	0.0152025	0.0187225	0	0	1.87686	1.87686	1.876853333	0.0569355	0.015854362	0.019950609	0.026698846	0.020887091	-9.35036E-07	-1.27976E-06	1.838229959	1.836491426	1.845750719	180	1.22	4	5	0	1	4
Y2O3	3	1	-0.4	0.0703275	0.0703275	0.03798	0.070325	0.0379775	0	0	1.74411875	1.744116667	1.74411	0.0152025	0.0152025	0.0187225	0.0152025	0.0187225	0	0	1.87686	1.87686	1.876853333	0.065745196	0.013411026	0.054789584	0.024634375	0.04492893	-9.35036E-07	-1.27976E-06	1.832840241	1.835388196	1.860022978	180	1.22	4	5	0	1	4
Y2O3	3	1.1	-0.2	0.0703275	0.0703275	0.03798	0.070325	0.0379775	0	0	1.74411875	1.744116667	1.74411	0.0155025	0.0155025	0.0201875	0.0155025	0.0201875	0	0	1.888933333	1.888936667	1.88893	0.070997066	0.03077758	0.02922217	0.040621696	0.029131409	-9.35036E-07	-1.27976E-06	1.838229959	1.836491426	1.869093567	180	1.22	4	5	0	1	4
Y2O3	3	1.1	-0.4	0.0703275	0.0703275	0.03798	0.070325	0.0379775	0	0	1.74411875	1.744116667	1.74411	0.0155025	0.0155025	0.0201875	0.0155025	0.0201875	0	0	1.888933333	1.888936667	1.88893	0.079806762	0.026611079	0.065691419	0.038608158	0.052673859	-9.35036E-07	-1.27976E-06	1.832840241	1.835388196	1.883365826	180	1.22	4	5	0	1	4
ZrO2	1	1	0	0.12334	0.16876	0.14038	0.1801	0.09096	0	0	2.083645	1.25095	2.01872	0.06574	0.07809	0.0788	0.07945	0.05364	0	0	2.159173333	1.3205	2.101806667	0.047496868	0.069230041	0.041581838	0.075297021	0.051810731	-9.35036E-07	-1.27976E-06	2.237765085	1.155791666	2.12886336	155	1.33	4	5	0	1	4
ZrO2	2	1	0	0.12334	0.16876	0.14038	0.1801	0.09096	0	0	2.083645	1.25095	2.01872	0.04197	0.04455	0.04953	0.0443	0.03657	0	0	2.202643333	1.362276667	2.154626667	0.029507228	0.055875048	0.035245391	0.072035785	0.046280433	-9.35036E-07	-1.27976E-06	2.002541727	1.457733584	2.175632085	155	1.33	4	5	0	1	4
ZrO2	3	1	0	0.12334	0.16876	0.14038	0.1801	0.09096	0	0	2.083645	1.25095	2.01872	0.02972	0.02914	0.03405	0.02856	0.0269	0	0	2.229861667	1.388806667	2.189526667	0.011517588	0.041108379	0.034072703	0.063183859	0.040750136	-9.35036E-07	-1.27976E-06	1.996117481	1.545661699	2.220532542	155	1.33	4	5	0	1	4
ZrO2	4	1	0	0.12334	0.16876	0.14038	0.1801	0.09096	0	0	2.083645	1.25095	2.01872	0.02237	0.02072	0.02492	0.02007	0.0207325	0	0	2.24865	1.4072	2.214296667	-0.006472052	0.023236022	0.044260285	0.045945896	0.035219838	-9.35036E-07	-1.27976E-06	2.342710025	1.583692461	2.263673658	155	1.33	4	5	0	1	4
ZrO2	1	0.9	-0.2	0.12334	0.16876	0.14038	0.1801	0.09096	0	0	2.083645	1.25095	2.01872	0.05816	0.07036	0.06927	0.07185	0.04695	0	0	2.149301667	1.311843333	2.090574167	0.045397189	0.043929106	0.060020904	0.052804831	0.060090512	-9.35036E-07	-1.27976E-06	2.162334401	1.346264913	2.103135111	155	1.33	4	5	0	1	4
ZrO2	1	0.9	-0.4	0.12334	0.16876	0.14038	0.1801	0.09096	0	0	2.083645	1.25095	2.01872	0.05816	0.07036	0.06927	0.07185	0.04695	0	0	2.149301667	1.311843333	2.090574167	0.049122029	0.043921646	0.091917475	0.048397224	0.083759378	-9.35036E-07	-1.27976E-06	2.086903717	1.37012389	2.095277433	155	1.33	4	5	0	1	4
ZrO2	1	1	-0.2	0.12334	0.16876	0.14038	0.1801	0.09096	0	0	2.083645	1.25095	2.01872	0.06571	0.07809	0.07861	0.07937	0.05364	0	0	2.158861667	1.32084	2.10145	0.061827526	0.069223703	0.078012095	0.075022523	0.077287699	-9.35036E-07	-1.27976E-06	2.162334401	1.346264913	2.11046814	155	1.33	4	5	0	1	4
ZrO2	1	1	-0.4	0.12334	0.16876	0.14038	0.1801	0.09096	0	0	2.083645	1.25095	2.01872	0.06571	0.07809	0.07861	0.07937	0.05364	0	0	2.158861667	1.32084	2.10145	0.065552366	0.069214204	0.109926181	0.070836453	0.100998281	-9.35036E-07	-1.27976E-06	2.086903717	1.37012389	2.102610461	155	1.33	4	5	0	1	4
ZrO2	1	1.1	-0.2	0.12334	0.16876	0.14038	0.1801	0.09096	0	0	2.083645	1.25095	2.01872	0.07267	0.08487	0.0874	0.08589	0.06001	0	0	2.168125	1.329725	2.112029167	0.077807875	0.097180365	0.097424946	0.096630717	0.097316868	-9.35036E-07	-1.27976E-06	2.162334401	1.346264913	2.117801168	155	1.33	4	5	0	1	4
ZrO2	1	1.1	-0.4	0.12334	0.16876	0.14038	0.1801	0.09096	0	0	2.083645	1.25095	2.01872	0.07267	0.08487	0.0874	0.08589	0.06001	0	0	2.168125	1.329725	2.112029167	0.081532715	0.097167853	0.1304459	0.092645001	0.121066549	-9.35036E-07	-1.27976E-06	2.086903717	1.37012389	2.10994349	155	1.33	4	5	0	1	4
ZrO2	2	0.9	-0.2	0.12334	0.16876	0.14038	0.1801	0.09096	0	0	2.083645	1.25095	2.01872	0.04213	0.04293	0.0473025	0.04767	0.0509375	0	0	1.7608875	1.677731667	2.086856667	0.041738207	0.030531689	0.055099243	0.049679565	0.055783146	-9.35036E-07	-1.27976E-06	1.901414403	1.648206831	2.118906815	155	1.33	4	5	0	1	0
ZrO2	2	0.9	-0.4	0.12334	0.16876	0.14038	0.1801	0.09096	0	0	2.083645	1.25095	2.01872	0.04213	0.04293	0.0473025	0.04767	0.0509375	0	0	1.7608875	1.677731667	2.086856667	0.049187887	0.030412327	0.076494775	0.046831362	0.080213892	-9.35036E-07	-1.27976E-06	1.800287079	1.672065808	2.087385145	155	1.33	4	5	0	1	0
ZrO2	2	1	-0.2	0.12334	0.16876	0.14038	0.1801	0.09096	0	0	2.083645	1.25095	2.01872	0.0440675	0.0449225	0.0512525	0.0503275	0.0552325	0	0	1.777929167	1.686335833	2.102325	0.058168545	0.055773638	0.07775662	0.07188892	0.072758443	-9.35036E-07	-1.27976E-06	1.901414403	1.648206831	2.133572872	155	1.33	4	5	0	1	0
ZrO2	2	1	-0.4	0.12334	0.16876	0.14038	0.1801	0.09096	0	0	2.083645	1.25095	2.01872	0.0440675	0.0449225	0.0512525	0.0503275	0.0552325	0	0	1.777929167	1.686335833	2.102325	0.065618224	0.055621652	0.099432397	0.069137201	0.09727976	-9.35036E-07	-1.27976E-06	1.800287079	1.672065808	2.102051201	155	1.33	4	5	0	1	0
ZrO2	2	1.1	-0.2	0.12334	0.16876	0.14038	0.1801	0.09096	0	0	2.083645	1.25095	2.01872	0.045135	0.0460925	0.0546675	0.0522825	0.0587525	0	0	1.7865	1.700098333	2.1190325	0.074148894	0.083664236	0.08124792	0.093489773	0.092578131	-9.35036E-07	-1.27976E-06	1.901414403	1.648206831	2.148238928	155	1.33	4	5	0	1	0
ZrO2	2	1.1	-0.4	0.12334	0.16876	0.14038	0.1801	0.09096	0	0	2.083645	1.25095	2.01872	0.045135	0.0460925	0.0546675	0.0522825	0.0587525	0	0	1.7865	1.700098333	2.1190325	0.081598574	0.083464054	0.120633588	0.090828296	0.117180495	-9.35036E-07	-1.27976E-06	1.800287079	1.672065808	2.116717258	155	1.33	4	5	0	1	0
ZrO2	3	0.9	-0.2	0.12334	0.16876	0.14038	0.1801	0.09096	0	0	2.083645	1.25095	2.01872	0.0291575	0.0296575	0.035245	0.0335275	0.0377575	0	0	1.787820833	1.703861667	2.123469167	0.038079226	0.015581182	0.058762182	0.040970038	0.051485527	-9.35036E-07	-1.27976E-06	1.869293518	1.736134946	2.132810252	155	1.33	4	5	0	1	0
ZrO2	3	0.9	-0.4	0.12334	0.16876	0.14038	0.1801	0.09096	0	0	2.083645	1.25095	2.01872	0.0291575	0.0296575	0.035245	0.0335275	0.0377575	0	0	1.787820833	1.703861667	2.123469167	0.049253745	0.014976914	0.03465321	0.038954565	0.076746383	-9.35036E-07	-1.27976E-06	1.742469555	1.759993923	2.077624589	155	1.33	4	5	0	1	0
ZrO2	3	1	-0.2	0.12334	0.16876	0.14038	0.1801	0.09096	0	0	2.083645	1.25095	2.01872	0.029315	0.02984	0.0367775	0.0340725	0.0392875	0	0	1.80117	1.717066667	2.141964167	0.054509563	0.040594986	0.102934812	0.063176543	0.06823935	-9.35036E-07	-1.27976E-06	1.869293518	1.736134946	2.154809337	155	1.33	4	5	0	1	0
ZrO2	3	1	-0.4	0.12334	0.16876	0.14038	0.1801	0.09096	0	0	2.083645	1.25095	2.01872	0.029315	0.02984	0.0367775	0.0340725	0.0392875	0	0	1.80117	1.717066667	2.141964167	0.065684083	0.03982556	0.080244583	0.061214801	0.093642538	-9.35036E-07	-1.27976E-06	1.742469555	1.759993923	2.099623674	155	1.33	4	5	0	1	0
ZrO2	3	1.1	-0.2	0.12334	0.16876	0.14038	0.1801	0.09096	0	0	2.083645	1.25095	2.01872	0.0289725	0.02952	0.0375575	0.033995	0.0400175	0	0	1.813218333	1.7290475	2.158985	0.070489913	0.068199314	0.03865203	0.084774787	0.087417951	-9.35036E-07	-1.27976E-06	1.869293518	1.736134946	2.176808422	155	1.33	4	5	0	1	0
ZrO2	3	1.1	-0.4	0.12334	0.16876	0.14038	0.1801	0.09096	0	0	2.083645	1.25095	2.01872	0.0289725	0.02952	0.0375575	0.033995	0.0400175	0	0	1.813218333	1.7290475	2.158985	0.081664432	0.06718589	0.105618123	0.08286415	0.109922894	-9.35036E-07	-1.27976E-06	1.742469555	1.759993923	2.121622759	155	1.33	4	5	0	1	0
