   occupation matrix (subspace #           1 , spin            1 )
   0.26815   0.00000   0.09343  -0.00000   0.00000
   0.00000   0.26906   0.00000  -0.08811  -0.00000
   0.09343   0.00000   0.18476   0.00000   0.00000
  -0.00000  -0.08811   0.00000   0.26906  -0.00000
   0.00000  -0.00000   0.00000  -0.00000   0.17583
   occupation matrix (subspace #           2 , spin            1 )
   0.26815   0.00000  -0.09343   0.00000  -0.00000
   0.00000   0.26906   0.00000   0.08811   0.00000
  -0.09343   0.00000   0.18476   0.00000   0.00000
   0.00000   0.08811   0.00000   0.26906  -0.00000
  -0.00000   0.00000   0.00000  -0.00000   0.17583
   occupation matrix (subspace #           3 , spin            1 )
   1.66049   0.00000  -0.04887
   0.00000   1.62748   0.00000
  -0.04887   0.00000   1.66049
   occupation matrix (subspace #           4 , spin            1 )
   1.66049  -0.00000  -0.04887
  -0.00000   1.62748  -0.00000
  -0.04887  -0.00000   1.66049
   occupation matrix (subspace #           5 , spin            1 )
   1.66049  -0.00000   0.04887
  -0.00000   1.62748   0.00000
   0.04887   0.00000   1.66049
   occupation matrix (subspace #           6 , spin            1 )
   1.66049   0.00000   0.04887
   0.00000   1.62748  -0.00000
   0.04887  -0.00000   1.66049
