   occupation matrix (subspace #           1 , spin            1 )
   1.48825   0.00000   0.00000   0.75099   0.00000
   0.00000   1.02166   0.00312   0.00000  -0.74646
   0.00000   0.00312   2.04020   0.00000   0.00251
   0.75099   0.00000   0.00000   1.03096   0.00000
   0.00000  -0.74646   0.00251   0.00000   1.50002
   occupation matrix (subspace #           2 , spin            1 )
   1.48825   0.00000   0.00000   0.75099   0.00000
   0.00000   1.02166   0.00312   0.00000  -0.74646
   0.00000   0.00312   2.04020   0.00000   0.00251
   0.75099   0.00000   0.00000   1.03096   0.00000
   0.00000  -0.74646   0.00251   0.00000   1.50002
   occupation matrix (subspace #           3 , spin            1 )
   1.48825   0.00000   0.00000   0.75099   0.00000
   0.00000   1.02166   0.00312   0.00000  -0.74646
   0.00000   0.00312   2.04020   0.00000   0.00251
   0.75099   0.00000   0.00000   1.03096   0.00000
   0.00000  -0.74646   0.00251   0.00000   1.50002
   occupation matrix (subspace #           4 , spin            1 )
   1.54630   0.00091   0.00000
   0.00091   1.66289   0.00000
   0.00000   0.00000   1.55042
   occupation matrix (subspace #           5 , spin            1 )
   1.54630   0.00091   0.00000
   0.00091   1.66290   0.00000
   0.00000   0.00000   1.55042
   occupation matrix (subspace #           6 , spin            1 )
   1.54631   0.00092   0.00000
   0.00092   1.66290   0.00000
   0.00000   0.00000   1.55042
   occupation matrix (subspace #           7 , spin            1 )
   1.54630   0.00092   0.00000
   0.00092   1.66289   0.00000
   0.00000   0.00000   1.55042
   occupation matrix (subspace #           8 , spin            1 )
   1.54630   0.00092   0.00000
   0.00092   1.66289   0.00000
   0.00000   0.00000   1.55042
   occupation matrix (subspace #           9 , spin            1 )
   1.54631   0.00092   0.00000
   0.00092   1.66290   0.00000
   0.00000   0.00000   1.55042
