   occupation matrix (subspace #           1 , spin            1 )
   0.28667  -0.00020   0.10780   0.00142   0.00029
  -0.00020   0.29093  -0.00006  -0.10446   0.00112
   0.10780  -0.00006   0.21489  -0.00156  -0.00073
   0.00142  -0.10446  -0.00156   0.28726  -0.00037
   0.00029   0.00112  -0.00073  -0.00037   0.16731
   occupation matrix (subspace #           2 , spin            1 )
   0.30077  -0.00021  -0.11793  -0.00022   0.00114
  -0.00021   0.28077  -0.00207   0.10244   0.00162
  -0.11793  -0.00207   0.20038  -0.00191  -0.00133
  -0.00022   0.10244  -0.00191   0.27970  -0.00185
   0.00114   0.00162  -0.00133  -0.00185   0.17440
   occupation matrix (subspace #           3 , spin            1 )
   0.29389  -0.00083   0.11117  -0.00208   0.00032
  -0.00083   0.28418   0.00065  -0.10400  -0.00395
   0.11117   0.00065   0.20269  -0.00174   0.00112
  -0.00208  -0.10400  -0.00174   0.28417   0.00071
   0.00032  -0.00395   0.00112   0.00071   0.17468
   occupation matrix (subspace #           4 , spin            1 )
   0.30014   0.00060  -0.11883   0.00024  -0.00049
   0.00060   0.28099   0.00159   0.10311  -0.00085
  -0.11883   0.00159   0.20176   0.00127   0.00043
   0.00024   0.10311   0.00127   0.28045   0.00088
  -0.00049  -0.00085   0.00043   0.00088   0.17372
   occupation matrix (subspace #           5 , spin            1 )
   0.29425  -0.00136   0.11174  -0.00055  -0.00099
  -0.00136   0.28330  -0.00239  -0.10503   0.00037
   0.11174  -0.00239   0.20156   0.00110  -0.00140
  -0.00055  -0.10503   0.00110   0.28469   0.00281
  -0.00099   0.00037  -0.00140   0.00281   0.17234
   occupation matrix (subspace #           6 , spin            1 )
   0.30578   0.00011  -0.12251   0.00010  -0.00036
   0.00011   0.27641   0.00003   0.10257   0.00021
  -0.12251   0.00003   0.19633  -0.00013   0.00074
   0.00010   0.10257  -0.00013   0.27713  -0.00017
  -0.00036   0.00021   0.00074  -0.00017   0.17581
   occupation matrix (subspace #           7 , spin            1 )
   0.29602  -0.00027   0.11353  -0.00055   0.00215
  -0.00027   0.28136  -0.00193  -0.10480   0.00193
   0.11353  -0.00193   0.20099   0.00425   0.00173
  -0.00055  -0.10480   0.00425   0.28550   0.00359
   0.00215   0.00193   0.00173   0.00359   0.17211
   occupation matrix (subspace #           8 , spin            1 )
   0.28918   0.00100  -0.11074   0.00113  -0.00295
   0.00100   0.29166   0.00042   0.10275   0.00103
  -0.11074   0.00042   0.21033  -0.00112   0.00078
   0.00113   0.10275  -0.00112   0.28295  -0.00125
  -0.00295   0.00103   0.00078  -0.00125   0.17250
   occupation matrix (subspace #           9 , spin            1 )
   0.29258  -0.00083   0.11401  -0.00129   0.00084
  -0.00083   0.27724  -0.00338  -0.10002  -0.00017
   0.11401  -0.00338   0.20908   0.00057   0.00353
  -0.00129  -0.10002   0.00057   0.29090   0.00092
   0.00084  -0.00017   0.00353   0.00092   0.17713
   occupation matrix (subspace #          10 , spin            1 )
   0.28858   0.00154  -0.11013   0.00001  -0.00008
   0.00154   0.28687   0.00157   0.10375   0.00023
  -0.11013   0.00157   0.21239  -0.00027   0.00006
   0.00001   0.10375  -0.00027   0.28832  -0.00143
  -0.00008   0.00023   0.00006  -0.00143   0.16987
   occupation matrix (subspace #          11 , spin            1 )
   0.29469   0.00033   0.11473   0.00150   0.00106
   0.00033   0.28179   0.00104  -0.10407   0.00037
   0.11473   0.00104   0.20098  -0.00265   0.00082
   0.00150  -0.10407  -0.00265   0.28660  -0.00186
   0.00106   0.00037   0.00082  -0.00186   0.17543
   occupation matrix (subspace #          12 , spin            1 )
   0.29547  -0.00162  -0.11380  -0.00037   0.00032
  -0.00162   0.28474  -0.00276   0.10461   0.00168
  -0.11380  -0.00276   0.19844  -0.00196  -0.00121
  -0.00037   0.10461  -0.00196   0.28225   0.00037
   0.00032   0.00168  -0.00121   0.00037   0.17335
   occupation matrix (subspace #          13 , spin            1 )
   0.29029  -0.00074   0.11193   0.00128  -0.00129
  -0.00074   0.28398  -0.00043  -0.10435  -0.00030
   0.11193  -0.00043   0.20274  -0.00081   0.00035
   0.00128  -0.10435  -0.00081   0.29052   0.00016
  -0.00129  -0.00030   0.00035   0.00016   0.17496
   occupation matrix (subspace #          14 , spin            1 )
   0.28874  -0.00093  -0.11067  -0.00122  -0.00200
  -0.00093   0.29158   0.00003   0.10278  -0.00172
  -0.11067   0.00003   0.21101   0.00173   0.00015
  -0.00122   0.10278   0.00173   0.28341   0.00186
  -0.00200  -0.00172   0.00015   0.00186   0.17235
   occupation matrix (subspace #          15 , spin            1 )
   0.28676  -0.00031   0.10862   0.00032  -0.00101
  -0.00031   0.28912  -0.00200  -0.10515   0.00144
   0.10862  -0.00200   0.20834   0.00100  -0.00123
   0.00032  -0.10515   0.00100   0.28886   0.00240
  -0.00101   0.00144  -0.00123   0.00240   0.17022
   occupation matrix (subspace #          16 , spin            1 )
   0.28951  -0.00138  -0.11052   0.00012   0.00091
  -0.00138   0.28652  -0.00179   0.10432   0.00034
  -0.11052  -0.00179   0.20975  -0.00005  -0.00069
   0.00012   0.10432  -0.00005   0.28754   0.00100
   0.00091   0.00034  -0.00069   0.00100   0.16958
   occupation matrix (subspace #          17 , spin            1 )
   0.29213   0.00059   0.11222  -0.00127   0.00107
   0.00059   0.28589  -0.00090  -0.10536   0.00018
   0.11222  -0.00090   0.19913   0.00168   0.00105
  -0.00127  -0.10536   0.00168   0.28471   0.00025
   0.00107   0.00018   0.00105   0.00025   0.17291
   occupation matrix (subspace #          18 , spin            1 )
   0.29495   0.00178  -0.11305   0.00046   0.00086
   0.00178   0.28548   0.00260   0.10538  -0.00138
  -0.11305   0.00260   0.19848   0.00162  -0.00160
   0.00046   0.10538   0.00162   0.28194  -0.00047
   0.00086  -0.00138  -0.00160  -0.00047   0.17144
   occupation matrix (subspace #          19 , spin            1 )
   0.29712  -0.00233   0.11632   0.00009  -0.00050
  -0.00233   0.28781   0.00144  -0.10214  -0.00020
   0.11632   0.00144   0.20088  -0.00153  -0.00149
   0.00009  -0.10214  -0.00153   0.27708   0.00008
  -0.00050  -0.00020  -0.00149   0.00008   0.17794
   occupation matrix (subspace #          20 , spin            1 )
   0.29122   0.00033  -0.11227  -0.00077   0.00151
   0.00033   0.28155  -0.00219   0.10256  -0.00027
  -0.11227  -0.00219   0.20618  -0.00098   0.00086
  -0.00077   0.10256  -0.00098   0.29091  -0.00156
   0.00151  -0.00027   0.00086  -0.00156   0.17406
   occupation matrix (subspace #          21 , spin            1 )
   0.29003   0.00016   0.11217  -0.00056   0.00060
   0.00016   0.28930   0.00056  -0.10131  -0.00060
   0.11217   0.00056   0.21207  -0.00114   0.00065
  -0.00056  -0.10131  -0.00114   0.28181  -0.00110
   0.00060  -0.00060   0.00065  -0.00110   0.17353
   occupation matrix (subspace #          22 , spin            1 )
   0.29165   0.00043  -0.11206   0.00202   0.00073
   0.00043   0.28552   0.00015   0.10560   0.00111
  -0.11206   0.00015   0.20178   0.00217  -0.00031
   0.00202   0.10560   0.00217   0.28757   0.00062
   0.00073   0.00111  -0.00031   0.00062   0.17246
   occupation matrix (subspace #          23 , spin            1 )
   0.29372   0.00180   0.11304  -0.00078  -0.00317
   0.00180   0.28475  -0.00202  -0.10420  -0.00029
   0.11304  -0.00202   0.20603   0.00075  -0.00195
  -0.00078  -0.10420   0.00075   0.28384  -0.00064
  -0.00317  -0.00029  -0.00195  -0.00064   0.17097
   occupation matrix (subspace #          24 , spin            1 )
   0.29277   0.00027  -0.11124  -0.00164  -0.00011
   0.00027   0.28362  -0.00184   0.10548   0.00033
  -0.11124  -0.00184   0.20091  -0.00268   0.00108
  -0.00164   0.10548  -0.00268   0.28734  -0.00277
  -0.00011   0.00033   0.00108  -0.00277   0.17031
   occupation matrix (subspace #          25 , spin            1 )
   0.31588   0.00038   0.10019   0.00017  -0.00024
   0.00038   0.27853   0.00046  -0.10228  -0.00083
   0.10019   0.00046   0.19538   0.00035   0.00081
   0.00017  -0.10228   0.00035   0.27858   0.00050
  -0.00024  -0.00083   0.00081   0.00050   0.17326
   occupation matrix (subspace #          26 , spin            1 )
   0.29908   0.00188  -0.11488  -0.00095   0.00487
   0.00188   0.28049  -0.00379   0.10261   0.00129
  -0.11488  -0.00379   0.20674  -0.00175  -0.00273
  -0.00095   0.10261  -0.00175   0.28687  -0.00642
   0.00487   0.00129  -0.00273  -0.00642   0.17459
   occupation matrix (subspace #          27 , spin            1 )
   0.56193   0.01199  -0.40537   0.01159  -0.00151
   0.01199   0.31655  -0.02892  -0.01028  -0.00313
  -0.40537  -0.02892   1.11378  -0.02754  -0.00018
   0.01159  -0.01028  -0.02754   0.31626   0.00313
  -0.00151  -0.00313  -0.00018   0.00313   0.30732
   occupation matrix (subspace #          28 , spin            1 )
   0.30904   0.00038  -0.12044  -0.00129  -0.00190
   0.00038   0.27994  -0.00073   0.10249   0.00398
  -0.12044  -0.00073   0.19922  -0.00369   0.00128
  -0.00129   0.10249  -0.00369   0.27889   0.00266
  -0.00190   0.00398   0.00128   0.00266   0.17825
   occupation matrix (subspace #          29 , spin            1 )
   0.44727  -0.02301  -0.22267  -0.02293   0.00188
  -0.02301   0.19821   0.03333  -0.07495   0.00419
  -0.22267   0.03333   0.60494   0.03329  -0.00115
  -0.02293  -0.07495   0.03329   0.19820  -0.00460
   0.00188   0.00419  -0.00115  -0.00460   0.10997
   occupation matrix (subspace #          30 , spin            1 )
   0.31709  -0.01063  -0.12670   0.01015  -0.01006
  -0.01063   0.27675   0.00437   0.09955   0.00169
  -0.12670   0.00437   0.20300  -0.00318   0.00514
   0.01015   0.09955  -0.00318   0.28538  -0.00577
  -0.01006   0.00169   0.00514  -0.00577   0.17391
   occupation matrix (subspace #          31 , spin            1 )
   0.29718   0.00190   0.11529  -0.00041  -0.00150
   0.00190   0.28656  -0.00222  -0.10347   0.00046
   0.11529  -0.00222   0.19927   0.00147  -0.00181
  -0.00041  -0.10347   0.00147   0.27821  -0.00007
  -0.00150   0.00046  -0.00181  -0.00007   0.17552
   occupation matrix (subspace #          32 , spin            1 )
   0.29406   0.00220  -0.11680  -0.00050  -0.00228
   0.00220   0.28582   0.00088   0.10061  -0.00235
  -0.11680   0.00088   0.20226   0.00218   0.00082
  -0.00050   0.10061   0.00218   0.28074   0.00058
  -0.00228  -0.00235   0.00082   0.00058   0.17943
   occupation matrix (subspace #          33 , spin            1 )
   0.28996  -0.00077   0.11247   0.00046   0.00005
  -0.00077   0.29072   0.00051  -0.10144   0.00034
   0.11247   0.00051   0.21313   0.00085  -0.00090
   0.00046  -0.10144   0.00085   0.28093   0.00155
   0.00005   0.00034  -0.00090   0.00155   0.17379
   occupation matrix (subspace #          34 , spin            1 )
   0.29829   0.00114  -0.11640  -0.00041   0.00031
   0.00114   0.27928   0.00413   0.10056  -0.00257
  -0.11640   0.00413   0.19494   0.00314  -0.00044
  -0.00041   0.10056   0.00314   0.27775   0.00067
   0.00031  -0.00257  -0.00044   0.00067   0.17618
   occupation matrix (subspace #          35 , spin            1 )
   0.29363  -0.00119   0.11294   0.00088  -0.00299
  -0.00119   0.28534   0.00217  -0.10387  -0.00009
   0.11294   0.00217   0.20624  -0.00011  -0.00207
   0.00088  -0.10387  -0.00011   0.28319   0.00059
  -0.00299  -0.00009  -0.00207   0.00059   0.17107
   occupation matrix (subspace #          36 , spin            1 )
   0.29343   0.00031  -0.11187   0.00084  -0.00132
   0.00031   0.28814  -0.00298   0.10294  -0.00092
  -0.11187  -0.00298   0.20855   0.00009  -0.00040
   0.00084   0.10294   0.00009   0.28379   0.00021
  -0.00132  -0.00092  -0.00040   0.00021   0.17319
   occupation matrix (subspace #          37 , spin            1 )
   0.28853   0.00024   0.11005  -0.00106   0.00143
   0.00024   0.29039  -0.00000  -0.10568  -0.00193
   0.11005  -0.00000   0.20355   0.00120   0.00010
  -0.00106  -0.10568   0.00120   0.28645   0.00122
   0.00143  -0.00193   0.00010   0.00122   0.17234
   occupation matrix (subspace #          38 , spin            1 )
   0.29096  -0.00019  -0.11143   0.00078   0.00250
  -0.00019   0.28251   0.00271   0.10327  -0.00052
  -0.11143   0.00271   0.20674   0.00174  -0.00023
   0.00078   0.10327   0.00174   0.28967   0.00243
   0.00250  -0.00052  -0.00023   0.00243   0.17218
   occupation matrix (subspace #          39 , spin            1 )
   0.28788   0.00140   0.10987   0.00049  -0.00234
   0.00140   0.28670   0.00211  -0.10465  -0.00091
   0.10987   0.00211   0.20786  -0.00140  -0.00096
   0.00049  -0.10465  -0.00140   0.29039  -0.00339
  -0.00234  -0.00091  -0.00096  -0.00339   0.17264
   occupation matrix (subspace #          40 , spin            1 )
   0.29279  -0.00050  -0.11285  -0.00205   0.00137
  -0.00050   0.28536  -0.00064   0.10548  -0.00086
  -0.11285  -0.00064   0.20092  -0.00248  -0.00081
  -0.00205   0.10548  -0.00248   0.28658  -0.00117
   0.00137  -0.00086  -0.00081  -0.00117   0.17319
   occupation matrix (subspace #          41 , spin            1 )
   0.29284  -0.00163   0.11309  -0.00016   0.00105
  -0.00163   0.28558   0.00060  -0.10452  -0.00071
   0.11309   0.00060   0.19837  -0.00209   0.00091
  -0.00016  -0.10452  -0.00209   0.28503  -0.00016
   0.00105  -0.00071   0.00091  -0.00016   0.17582
   occupation matrix (subspace #          42 , spin            1 )
   0.29289  -0.00030  -0.11149   0.00145   0.00051
  -0.00030   0.28379   0.00209   0.10495  -0.00079
  -0.11149   0.00209   0.20290   0.00299   0.00069
   0.00145   0.10495   0.00299   0.28703   0.00323
   0.00051  -0.00079   0.00069   0.00323   0.17050
   occupation matrix (subspace #          43 , spin            1 )
   0.29551   0.00011   0.11427   0.00071   0.00216
   0.00011   0.28243   0.00135  -0.10509  -0.00117
   0.11427   0.00135   0.20186  -0.00440   0.00131
   0.00071  -0.10509  -0.00440   0.28536  -0.00399
   0.00216  -0.00117   0.00131  -0.00399   0.17251
   occupation matrix (subspace #          44 , spin            1 )
   0.29235  -0.00204  -0.11659  -0.00072  -0.00254
  -0.00204   0.28831   0.00005   0.10080   0.00018
  -0.11659   0.00005   0.20970  -0.00086   0.00051
  -0.00072   0.10080  -0.00086   0.28061  -0.00035
  -0.00254   0.00018   0.00051  -0.00035   0.17884
   occupation matrix (subspace #          45 , spin            1 )
   0.29306  -0.00000   0.11388   0.00062   0.00032
  -0.00000   0.27808   0.00212  -0.10062   0.00022
   0.11388   0.00212   0.20579  -0.00002   0.00264
   0.00062  -0.10062  -0.00002   0.28924   0.00013
   0.00032   0.00022   0.00264   0.00013   0.17660
   occupation matrix (subspace #          46 , spin            1 )
   0.29358  -0.00077  -0.11095  -0.00097  -0.00152
  -0.00077   0.28658  -0.00069   0.09699  -0.00621
  -0.11095  -0.00069   0.21524   0.00374   0.00014
  -0.00097   0.09699   0.00374   0.27924   0.00432
  -0.00152  -0.00621   0.00014   0.00432   0.17562
   occupation matrix (subspace #          47 , spin            1 )
   0.29538  -0.00051   0.11529  -0.00143   0.00129
  -0.00051   0.28162  -0.00139  -0.10363  -0.00022
   0.11529  -0.00139   0.19932   0.00303   0.00093
  -0.00143  -0.10363   0.00303   0.28614   0.00345
   0.00129  -0.00022   0.00093   0.00345   0.17677
   occupation matrix (subspace #          48 , spin            1 )
   0.29288  -0.00065  -0.11003  -0.00045  -0.00208
  -0.00065   0.28879   0.00111   0.09783   0.00537
  -0.11003   0.00111   0.21993  -0.00315  -0.00031
  -0.00045   0.09783  -0.00315   0.28101  -0.00258
  -0.00208   0.00537  -0.00031  -0.00258   0.17555
   occupation matrix (subspace #          49 , spin            1 )
   0.28668   0.00016   0.10785  -0.00123   0.00103
   0.00016   0.29140   0.00010  -0.10440  -0.00073
   0.10785   0.00010   0.21461   0.00162  -0.00051
  -0.00123  -0.10440   0.00162   0.28673   0.00050
   0.00103  -0.00073  -0.00051   0.00050   0.16774
   occupation matrix (subspace #          50 , spin            1 )
   0.29971  -0.00092  -0.11523   0.00153   0.00264
  -0.00092   0.28107   0.00392   0.10281   0.00025
  -0.11523   0.00392   0.20663   0.00239  -0.00122
   0.00153   0.10281   0.00239   0.28563   0.00476
   0.00264   0.00025  -0.00122   0.00476   0.17348
   occupation matrix (subspace #          51 , spin            1 )
   0.29383   0.00068   0.11109   0.00179   0.00073
   0.00068   0.28360  -0.00010  -0.10392   0.00368
   0.11109  -0.00010   0.20286   0.00300   0.00205
   0.00179  -0.10392   0.00300   0.28502  -0.00006
   0.00073   0.00368   0.00205  -0.00006   0.17494
   occupation matrix (subspace #          52 , spin            1 )
   0.30827  -0.00110  -0.12035  -0.00024  -0.00400
  -0.00110   0.28329   0.00001   0.10206  -0.00637
  -0.12035   0.00001   0.20097   0.00352   0.00238
  -0.00024   0.10206   0.00352   0.27645  -0.00047
  -0.00400  -0.00637   0.00238  -0.00047   0.17872
   occupation matrix (subspace #          53 , spin            1 )
   0.29443   0.00168   0.11142   0.00088  -0.00077
   0.00168   0.28298   0.00156  -0.10532   0.00028
   0.11142   0.00156   0.20139  -0.00169  -0.00085
   0.00088  -0.10532  -0.00169   0.28475  -0.00325
  -0.00077   0.00028  -0.00085  -0.00325   0.17206
   occupation matrix (subspace #          54 , spin            1 )
   0.31922   0.01060  -0.12705  -0.01090   0.00259
   0.01060   0.27957  -0.00426   0.09968   0.00278
  -0.12705  -0.00426   0.20158   0.00343  -0.00046
  -0.01090   0.09968   0.00343   0.28249   0.00213
   0.00259   0.00278  -0.00046   0.00213   0.17084
