   occupation matrix (subspace #           1 , spin            1 )
   0.17733   0.00000  -0.00000   0.00000  -0.00000
   0.00000   0.16185  -0.00000  -0.00000  -0.00000
  -0.00000  -0.00000   0.38076  -0.00000   0.00000
   0.00000  -0.00000  -0.00000   0.16185  -0.00000
  -0.00000  -0.00000   0.00000  -0.00000   0.36580
   occupation matrix (subspace #           2 , spin            1 )
   0.17733  -0.00000   0.00000  -0.00000   0.00000
  -0.00000   0.16185   0.00000  -0.00000   0.00000
   0.00000   0.00000   0.38076   0.00000   0.00000
  -0.00000  -0.00000   0.00000   0.16185   0.00000
   0.00000   0.00000   0.00000   0.00000   0.36580
   occupation matrix (subspace #           3 , spin            1 )
   0.17733  -0.00000   0.00000  -0.00000   0.00000
  -0.00000   0.16185   0.00000  -0.00000   0.00000
   0.00000   0.00000   0.38076   0.00000   0.00000
  -0.00000  -0.00000   0.00000   0.16185  -0.00000
   0.00000   0.00000   0.00000  -0.00000   0.36580
   occupation matrix (subspace #           4 , spin            1 )
   0.17733  -0.00000   0.00000   0.00000   0.00000
  -0.00000   0.16185  -0.00000  -0.00000  -0.00000
   0.00000  -0.00000   0.38076  -0.00000   0.00000
   0.00000  -0.00000  -0.00000   0.16185   0.00000
   0.00000  -0.00000   0.00000   0.00000   0.36580
   occupation matrix (subspace #           5 , spin            1 )
   1.48120  -0.00000  -0.00000
  -0.00000   1.55501   0.00000
  -0.00000   0.00000   1.62772
   occupation matrix (subspace #           6 , spin            1 )
   1.62772   0.00000   0.00000
   0.00000   1.55501   0.00000
   0.00000   0.00000   1.48121
   occupation matrix (subspace #           7 , spin            1 )
   1.48120  -0.00000  -0.00000
  -0.00000   1.55501  -0.00000
  -0.00000  -0.00000   1.62772
   occupation matrix (subspace #           8 , spin            1 )
   1.62772  -0.00000  -0.00000
  -0.00000   1.55501  -0.00000
  -0.00000  -0.00000   1.48121
   occupation matrix (subspace #           9 , spin            1 )
   1.48120  -0.00000   0.00000
  -0.00000   1.55501  -0.00000
   0.00000  -0.00000   1.62772
   occupation matrix (subspace #          10 , spin            1 )
   1.62772  -0.00000   0.00000
  -0.00000   1.55500   0.00000
   0.00000   0.00000   1.48121
   occupation matrix (subspace #          11 , spin            1 )
   1.48120   0.00000  -0.00000
   0.00000   1.55501   0.00000
  -0.00000   0.00000   1.62772
   occupation matrix (subspace #          12 , spin            1 )
   1.62772   0.00000   0.00000
   0.00000   1.55501  -0.00000
   0.00000  -0.00000   1.48121
